

Software Version	3.00.19



Experiment File Path:	C:\Users\hp\Documents\Cuaxinque-Flores-Gustavo\DO_kinetic_48h_rhizobia_SynComs.xpt
Protocol File Path:	C:\Users\hp\Documents\Cuaxinque-Flores-Gustavo\Kinetic_rhizobia_630nm_shaking_medium_48h_protocol.prt



Plate Number	Plate 1
Date	23/04/2026
Time	11:27:58 a. m.
Reader Type:	ELx808
Reader Serial Number:	Unknown
Reading Type	Reader

Procedure Details

Plate Type	96 WELL PLATE
Set Temperature	Setpoint 30°C
	Preheat before moving to next step
Shake	Medium, 0:30 (MM:SS)
Read	Absorbance Endpoint
	Full Plate
	Wavelengths:  630
	Read Speed: Normal
Start Kinetic	Runtime 48:00:00 (HH:MM:SS), Interval 0:20:00, 145 Reads
    Shake	Medium, Continuous
    Read	Absorbance Endpoint
	Full Plate
	Wavelengths:  630
	Read Speed: Normal
End Kinetic	



Actual Temperature:	29.9

Results
	1	2	3	4	5	6	7	8	9	10	11	12
A	0.111	0.113	0.112	0.161	0.113	0.112	0.112	0.112	0.112	0.098	0.106	0.105	Read 1:630
B	0.120	0.119	0.118	0.119	0.121	0.118	0.120	0.122	0.119	0.110	0.102	0.112	Read 1:630
C	0.124	0.122	0.120	0.133	0.103	0.123	0.133	0.131	0.124	0.112	0.107	0.100	Read 1:630
D	0.113	0.119	0.114	0.124	0.123	0.122	0.115	0.116	0.113	0.079	0.082	0.079	Read 1:630
E	0.117	0.118	0.117	0.119	0.112	0.119	0.119	0.121	0.119	0.078	0.080	0.079	Read 1:630
F	0.122	0.151	0.152	0.138	0.131	0.153	0.161	0.148	0.146	0.079	0.081	0.079	Read 1:630
G	0.118	0.121	0.119	0.120	0.118	0.118	0.121	0.121	0.118	0.079	0.078	0.079	Read 1:630
H	0.094	0.095	0.096	0.096	0.093	0.094	0.098	0.095	0.096	0.081	0.081	0.079	Read 1:630

Read 2:630

Time	T° Read 2:630	A1	A2	A3	A4	A5	A6	A7	A8	A9	A10	A11	A12	B1	B2	B3	B4	B5	B6	B7	B8	B9	B10	B11	B12	C1	C2	C3	C4	C5	C6	C7	C8	C9	C10	C11	C12	D1	D2	D3	D4	D5	D6	D7	D8	D9	D10	D11	D12	E1	E2	E3	E4	E5	E6	E7	E8	E9	E10	E11	E12	F1	F2	F3	F4	F5	F6	F7	F8	F9	F10	F11	F12	G1	G2	G3	G4	G5	G6	G7	G8	G9	G10	G11	G12	H1	H2	H3	H4	H5	H6	H7	H8	H9	H10	H11	H12
0:00:00	30.0	0.112	0.114	0.113	0.153	0.117	0.119	0.116	0.113	0.113	0.107	0.107	0.109	0.118	0.120	0.121	0.121	0.122	0.123	0.123	0.125	0.121	0.107	0.106	0.108	0.101	0.127	0.103	0.150	0.104	0.123	0.146	0.143	0.121	0.110	0.109	0.104	0.104	0.106	0.106	0.107	0.107	0.112	0.106	0.106	0.109	0.079	0.080	0.079	0.119	0.120	0.120	0.121	0.115	0.124	0.121	0.123	0.121	0.078	0.081	0.080	0.120	0.140	0.172	0.136	0.113	0.113	0.191	0.161	0.148	0.078	0.081	0.079	0.121	0.123	0.125	0.126	0.124	0.125	0.122	0.128	0.122	0.079	0.078	0.079	0.095	0.094	0.095	0.098	0.095	0.092	0.095	0.093	0.094	0.080	0.079	0.079
0:20:00	29.9	0.115	0.118	0.116	0.167	0.118	0.119	0.119	0.116	0.115	0.120	0.113	0.127	0.124	0.125	0.125	0.125	0.126	0.126	0.127	0.127	0.124	0.110	0.113	0.119	0.105	0.130	0.106	0.153	0.106	0.129	0.154	0.156	0.127	0.115	0.111	0.110	0.110	0.123	0.112	0.112	0.113	0.118	0.113	0.111	0.115	0.079	0.080	0.079	0.124	0.127	0.125	0.124	0.119	0.125	0.126	0.126	0.124	0.078	0.080	0.080	0.125	0.142	0.179	0.146	0.115	0.115	0.198	0.185	0.162	0.079	0.081	0.079	0.127	0.129	0.128	0.131	0.130	0.128	0.129	0.131	0.127	0.079	0.079	0.079	0.095	0.094	0.095	0.098	0.092	0.092	0.094	0.093	0.092	0.080	0.079	0.079
0:40:00	29.9	0.119	0.122	0.120	0.164	0.122	0.122	0.123	0.121	0.120	0.121	0.122	0.140	0.127	0.129	0.130	0.130	0.131	0.131	0.130	0.133	0.130	0.117	0.121	0.121	0.108	0.141	0.110	0.177	0.110	0.136	0.162	0.166	0.131	0.121	0.117	0.116	0.119	0.124	0.121	0.121	0.120	0.127	0.126	0.121	0.126	0.079	0.080	0.079	0.128	0.130	0.129	0.131	0.123	0.132	0.131	0.131	0.129	0.078	0.080	0.080	0.132	0.150	0.190	0.158	0.117	0.116	0.207	0.195	0.171	0.080	0.081	0.079	0.133	0.134	0.135	0.136	0.136	0.134	0.133	0.136	0.132	0.079	0.079	0.079	0.097	0.095	0.096	0.099	0.092	0.093	0.093	0.092	0.092	0.080	0.079	0.079
1:00:00	30.0	0.123	0.127	0.124	0.177	0.126	0.126	0.128	0.125	0.124	0.134	0.141	0.154	0.132	0.134	0.136	0.137	0.137	0.137	0.136	0.138	0.134	0.132	0.130	0.135	0.113	0.151	0.116	0.185	0.115	0.148	0.170	0.166	0.137	0.131	0.128	0.129	0.139	0.140	0.137	0.138	0.137	0.144	0.143	0.135	0.142	0.079	0.080	0.079	0.133	0.135	0.135	0.136	0.129	0.137	0.136	0.135	0.134	0.078	0.080	0.080	0.137	0.156	0.206	0.169	0.119	0.118	0.210	0.201	0.179	0.079	0.081	0.079	0.138	0.139	0.140	0.143	0.142	0.140	0.140	0.143	0.139	0.079	0.079	0.079	0.105	0.093	0.097	0.096	0.093	0.091	0.097	0.092	0.090	0.080	0.079	0.079
1:20:00	30.0	0.129	0.131	0.129	0.174	0.131	0.131	0.133	0.130	0.130	0.157	0.178	0.178	0.138	0.140	0.142	0.142	0.143	0.142	0.143	0.146	0.142	0.143	0.157	0.210	0.119	0.167	0.123	0.197	0.121	0.157	0.183	0.178	0.143	0.150	0.154	0.151	0.150	0.156	0.156	0.158	0.157	0.160	0.163	0.154	0.161	0.079	0.080	0.079	0.139	0.141	0.140	0.141	0.135	0.144	0.142	0.142	0.140	0.079	0.081	0.080	0.142	0.156	0.222	0.173	0.124	0.121	0.218	0.204	0.186	0.079	0.081	0.079	0.144	0.146	0.148	0.150	0.149	0.148	0.145	0.151	0.145	0.079	0.079	0.079	0.091	0.091	0.096	0.093	0.091	0.090	0.099	0.090	0.090	0.080	0.079	0.079
1:40:00	30.0	0.133	0.136	0.134	0.185	0.136	0.135	0.137	0.134	0.134	0.179	0.189	0.213	0.144	0.147	0.148	0.148	0.149	0.148	0.149	0.152	0.148	0.158	0.172	0.251	0.122	0.176	0.128	0.206	0.129	0.162	0.191	0.184	0.178	0.170	0.181	0.185	0.208	0.181	0.182	0.183	0.181	0.199	0.198	0.186	0.181	0.079	0.080	0.080	0.144	0.147	0.146	0.146	0.141	0.149	0.148	0.149	0.145	0.078	0.081	0.080	0.147	0.169	0.235	0.166	0.130	0.128	0.243	0.203	0.193	0.079	0.081	0.079	0.151	0.153	0.156	0.158	0.156	0.156	0.154	0.158	0.153	0.079	0.079	0.079	0.092	0.092	0.097	0.094	0.091	0.089	0.099	0.090	0.089	0.080	0.079	0.079
2:00:00	30.0	0.139	0.142	0.139	0.187	0.142	0.142	0.143	0.140	0.139	0.199	0.211	0.230	0.151	0.155	0.156	0.158	0.157	0.158	0.158	0.161	0.154	0.192	0.213	0.261	0.127	0.188	0.134	0.216	0.136	0.184	0.207	0.206	0.162	0.193	0.210	0.216	0.207	0.217	0.227	0.228	0.230	0.344	0.237	0.248	0.212	0.079	0.080	0.079	0.150	0.154	0.154	0.154	0.148	0.156	0.154	0.153	0.153	0.078	0.080	0.080	0.154	0.167	0.227	0.177	0.136	0.132	0.241	0.217	0.192	0.079	0.081	0.079	0.160	0.161	0.163	0.165	0.164	0.160	0.162	0.166	0.160	0.079	0.079	0.079	0.091	0.091	0.097	0.094	0.090	0.089	0.099	0.090	0.089	0.080	0.079	0.079
2:20:00	29.9	0.144	0.148	0.144	0.192	0.148	0.148	0.149	0.145	0.144	0.212	0.271	0.264	0.160	0.163	0.164	0.166	0.166	0.167	0.167	0.170	0.162	0.213	0.255	0.293	0.133	0.209	0.143	0.232	0.150	0.196	0.219	0.219	0.176	0.213	0.239	0.249	0.274	0.280	0.285	0.304	0.327	0.313	0.314	0.334	0.252	0.079	0.080	0.079	0.158	0.162	0.161	0.163	0.155	0.163	0.162	0.162	0.160	0.078	0.080	0.080	0.158	0.169	0.250	0.186	0.143	0.136	0.260	0.226	0.194	0.079	0.081	0.079	0.168	0.168	0.172	0.175	0.173	0.168	0.169	0.174	0.168	0.079	0.078	0.079	0.097	0.092	0.097	0.093	0.089	0.089	0.100	0.089	0.089	0.080	0.079	0.079
2:40:00	30.0	0.150	0.153	0.151	0.201	0.154	0.154	0.155	0.150	0.151	0.270	0.287	0.300	0.170	0.173	0.173	0.175	0.175	0.175	0.177	0.180	0.173	0.259	0.310	0.356	0.138	0.232	0.147	0.241	0.161	0.202	0.233	0.234	0.192	0.280	0.321	0.306	0.308	0.328	0.315	0.351	0.311	0.332	0.370	0.330	0.324	0.079	0.080	0.079	0.167	0.171	0.169	0.170	0.163	0.171	0.170	0.170	0.168	0.078	0.080	0.080	0.156	0.171	0.265	0.187	0.150	0.141	0.263	0.224	0.191	0.079	0.081	0.079	0.176	0.176	0.182	0.184	0.181	0.177	0.178	0.183	0.178	0.079	0.078	0.079	0.102	0.091	0.097	0.093	0.090	0.089	0.100	0.089	0.089	0.080	0.079	0.079
3:00:00	30.0	0.156	0.160	0.157	0.206	0.161	0.160	0.161	0.157	0.157	0.333	0.337	0.361	0.177	0.182	0.182	0.182	0.184	0.185	0.188	0.190	0.184	0.328	0.330	0.441	0.145	0.249	0.155	0.248	0.165	0.209	0.246	0.246	0.201	0.347	0.350	0.359	0.322	0.386	0.341	0.357	0.329	0.366	0.407	0.341	0.314	0.079	0.080	0.079	0.177	0.180	0.179	0.180	0.172	0.180	0.180	0.181	0.177	0.078	0.081	0.080	0.158	0.169	0.255	0.194	0.156	0.144	0.279	0.245	0.200	0.079	0.081	0.079	0.187	0.187	0.193	0.195	0.192	0.187	0.190	0.194	0.189	0.079	0.079	0.079	0.103	0.090	0.098	0.093	0.090	0.089	0.101	0.089	0.089	0.080	0.079	0.079
3:20:00	29.9	0.163	0.166	0.164	0.215	0.168	0.168	0.169	0.162	0.164	0.293	0.340	0.320	0.187	0.193	0.193	0.192	0.196	0.195	0.198	0.202	0.195	0.336	0.387	0.421	0.170	0.271	0.164	0.258	0.175	0.255	0.261	0.260	0.215	0.299	0.365	0.388	0.357	0.351	0.373	0.396	0.393	0.358	0.438	0.387	0.352	0.079	0.080	0.079	0.187	0.189	0.190	0.190	0.183	0.190	0.191	0.192	0.187	0.078	0.080	0.080	0.164	0.167	0.261	0.206	0.164	0.147	0.279	0.249	0.204	0.079	0.081	0.079	0.196	0.196	0.204	0.205	0.203	0.198	0.200	0.205	0.199	0.079	0.079	0.079	0.103	0.090	0.099	0.094	0.090	0.089	0.102	0.089	0.089	0.080	0.079	0.079
3:40:00	29.9	0.171	0.174	0.171	0.175	0.175	0.175	0.175	0.170	0.171	0.300	0.430	0.323	0.198	0.204	0.204	0.206	0.207	0.206	0.209	0.213	0.205	0.301	0.367	0.462	0.178	0.289	0.171	0.264	0.204	0.274	0.274	0.274	0.255	0.298	0.361	0.375	0.379	0.393	0.410	0.406	0.435	0.408	0.426	0.501	0.395	0.079	0.080	0.079	0.197	0.201	0.199	0.199	0.194	0.200	0.201	0.201	0.197	0.078	0.080	0.080	0.169	0.169	0.292	0.283	0.168	0.151	0.292	0.265	0.197	0.079	0.080	0.079	0.208	0.208	0.215	0.216	0.214	0.211	0.209	0.215	0.211	0.079	0.078	0.079	0.099	0.091	0.099	0.093	0.090	0.089	0.102	0.090	0.089	0.080	0.079	0.079
4:00:00	29.9	0.179	0.182	0.180	0.185	0.184	0.183	0.185	0.178	0.179	0.339	0.419	0.329	0.210	0.217	0.216	0.217	0.219	0.218	0.221	0.226	0.217	0.350	0.429	0.468	0.212	0.304	0.179	0.275	0.188	0.290	0.301	0.286	0.265	0.374	0.389	0.404	0.429	0.445	0.481	0.467	0.467	0.518	0.589	0.514	0.443	0.079	0.080	0.079	0.208	0.212	0.210	0.211	0.205	0.212	0.213	0.213	0.208	0.078	0.080	0.080	0.174	0.165	0.290	0.281	0.172	0.154	0.297	0.269	0.201	0.079	0.079	0.079	0.220	0.220	0.227	0.229	0.226	0.225	0.221	0.232	0.224	0.079	0.078	0.079	0.099	0.091	0.100	0.093	0.090	0.089	0.103	0.090	0.089	0.080	0.079	0.079
4:20:00	30.0	0.192	0.195	0.192	0.195	0.196	0.195	0.194	0.187	0.189	0.348	0.395	0.365	0.222	0.228	0.228	0.230	0.231	0.232	0.236	0.242	0.233	0.381	0.414	0.477	0.221	0.309	0.187	0.277	0.202	0.281	0.311	0.295	0.249	0.381	0.444	0.372	0.496	0.521	0.532	0.521	0.554	0.538	0.567	0.624	0.490	0.079	0.080	0.080	0.222	0.225	0.222	0.223	0.219	0.225	0.226	0.223	0.221	0.079	0.081	0.080	0.181	0.324	0.282	0.180	0.179	0.159	0.286	0.233	0.211	0.079	0.081	0.079	0.233	0.233	0.241	0.240	0.238	0.237	0.237	0.243	0.240	0.079	0.079	0.079	0.099	0.091	0.101	0.094	0.091	0.089	0.103	0.090	0.089	0.080	0.079	0.079
4:40:00	29.9	0.199	0.201	0.199	0.204	0.204	0.203	0.203	0.196	0.199	0.375	0.410	0.403	0.233	0.243	0.242	0.244	0.246	0.245	0.247	0.257	0.247	0.361	0.423	0.496	0.235	0.274	0.197	0.289	0.229	0.303	0.323	0.308	0.311	0.349	0.433	0.361	0.521	0.551	0.580	0.554	0.603	0.620	0.595	0.619	0.545	0.079	0.080	0.080	0.235	0.237	0.236	0.236	0.231	0.237	0.240	0.237	0.234	0.078	0.080	0.080	0.188	0.233	0.309	0.222	0.186	0.164	0.305	0.257	0.227	0.079	0.080	0.079	0.248	0.250	0.256	0.256	0.254	0.253	0.252	0.259	0.253	0.079	0.079	0.079	0.097	0.092	0.102	0.094	0.091	0.090	0.103	0.090	0.090	0.080	0.079	0.079
5:00:00	29.9	0.208	0.211	0.208	0.212	0.215	0.214	0.211	0.204	0.209	0.427	0.424	0.379	0.251	0.258	0.257	0.259	0.261	0.263	0.264	0.281	0.264	0.346	0.321	0.438	0.244	0.283	0.207	0.299	0.231	0.320	0.343	0.322	0.323	0.343	0.412	0.460	0.565	0.605	0.625	0.588	0.615	0.607	0.664	0.622	0.592	0.079	0.080	0.079	0.247	0.251	0.250	0.251	0.245	0.253	0.255	0.252	0.250	0.078	0.080	0.080	0.196	0.199	0.290	0.228	0.194	0.168	0.286	0.256	0.217	0.079	0.081	0.079	0.264	0.267	0.272	0.273	0.272	0.270	0.267	0.273	0.268	0.079	0.079	0.079	0.098	0.092	0.101	0.095	0.091	0.090	0.104	0.090	0.090	0.080	0.079	0.079
5:20:00	29.9	0.218	0.220	0.219	0.223	0.226	0.226	0.220	0.214	0.220	0.346	0.452	0.424	0.265	0.275	0.273	0.274	0.278	0.278	0.280	0.295	0.278	0.299	0.385	0.424	0.265	0.288	0.215	0.310	0.261	0.332	0.355	0.335	0.336	0.327	0.409	0.462	0.607	0.628	0.627	0.630	0.675	0.658	0.648	0.664	0.623	0.079	0.080	0.079	0.254	0.260	0.259	0.260	0.256	0.262	0.266	0.262	0.260	0.078	0.080	0.080	0.205	0.194	0.308	0.232	0.203	0.175	0.286	0.277	0.229	0.079	0.079	0.079	0.271	0.275	0.281	0.283	0.281	0.281	0.276	0.283	0.279	0.079	0.079	0.079	0.098	0.092	0.102	0.095	0.092	0.090	0.104	0.091	0.090	0.080	0.079	0.079
5:40:00	29.9	0.233	0.235	0.233	0.236	0.239	0.237	0.230	0.225	0.227	0.284	0.450	0.371	0.283	0.290	0.291	0.292	0.294	0.295	0.298	0.306	0.293	0.270	0.382	0.379	0.278	0.299	0.225	0.323	0.255	0.334	0.363	0.344	0.345	0.336	0.395	0.345	0.629	0.666	0.678	0.659	0.680	0.663	0.824	0.767	0.652	0.079	0.080	0.080	0.261	0.267	0.265	0.265	0.263	0.268	0.271	0.267	0.264	0.078	0.080	0.080	0.216	0.321	0.290	0.198	0.212	0.188	0.293	0.246	0.230	0.079	0.081	0.079	0.275	0.281	0.288	0.289	0.286	0.289	0.283	0.290	0.288	0.079	0.079	0.079	0.097	0.093	0.103	0.095	0.092	0.090	0.105	0.091	0.090	0.080	0.079	0.079
6:00:00	29.9	0.245	0.249	0.248	0.251	0.253	0.248	0.242	0.234	0.238	0.288	0.339	0.413	0.301	0.311	0.310	0.310	0.311	0.313	0.316	0.325	0.312	0.233	0.323	0.371	0.294	0.310	0.233	0.342	0.263	0.351	0.376	0.358	0.360	0.277	0.299	0.395	0.660	0.700	0.710	0.679	0.694	0.729	0.740	0.732	0.677	0.079	0.080	0.079	0.269	0.275	0.273	0.273	0.272	0.277	0.281	0.275	0.273	0.078	0.080	0.080	0.226	0.365	0.335	0.178	0.222	0.197	0.254	0.212	0.214	0.079	0.081	0.079	0.283	0.290	0.301	0.301	0.296	0.298	0.300	0.297	0.290	0.079	0.079	0.079	0.098	0.093	0.104	0.096	0.092	0.090	0.106	0.091	0.091	0.080	0.079	0.079
6:20:00	30.0	0.253	0.256	0.252	0.256	0.262	0.261	0.249	0.244	0.251	0.260	0.317	0.382	0.309	0.321	0.315	0.319	0.325	0.323	0.326	0.341	0.312	0.237	0.236	0.312	0.307	0.332	0.245	0.340	0.267	0.361	0.395	0.380	0.369	0.241	0.319	0.261	0.684	0.776	0.727	0.704	0.710	0.810	0.737	0.739	0.698	0.079	0.081	0.079	0.273	0.279	0.278	0.278	0.279	0.284	0.289	0.284	0.282	0.079	0.081	0.080	0.238	0.206	0.274	0.257	0.234	0.204	0.280	0.258	0.228	0.079	0.079	0.080	0.293	0.298	0.310	0.312	0.308	0.302	0.305	0.306	0.297	0.079	0.079	0.079	0.099	0.093	0.103	0.097	0.093	0.091	0.107	0.092	0.091	0.080	0.079	0.079
6:40:00	29.9	0.264	0.267	0.264	0.268	0.276	0.274	0.259	0.254	0.262	0.228	0.316	0.351	0.315	0.329	0.321	0.325	0.333	0.331	0.333	0.333	0.316	0.217	0.250	0.298	0.316	0.345	0.255	0.354	0.272	0.371	0.401	0.387	0.371	0.173	0.279	0.318	0.703	0.718	0.768	0.725	0.753	0.785	0.760	0.749	0.716	0.079	0.080	0.079	0.280	0.286	0.284	0.285	0.287	0.291	0.297	0.291	0.290	0.078	0.081	0.080	0.251	0.225	0.283	0.258	0.244	0.212	0.290	0.261	0.240	0.078	0.081	0.079	0.301	0.307	0.323	0.321	0.317	0.309	0.314	0.316	0.309	0.079	0.078	0.079	0.098	0.093	0.103	0.097	0.093	0.091	0.106	0.091	0.091	0.080	0.079	0.079
7:00:00	30.0	0.274	0.277	0.274	0.279	0.287	0.285	0.269	0.265	0.274	0.216	0.306	0.352	0.320	0.331	0.327	0.326	0.337	0.329	0.337	0.340	0.321	0.225	0.227	0.273	0.327	0.345	0.261	0.368	0.274	0.371	0.394	0.386	0.389	0.195	0.278	0.328	0.703	0.763	0.798	0.728	0.759	0.749	0.842	0.764	0.732	0.079	0.080	0.079	0.289	0.295	0.293	0.293	0.297	0.300	0.307	0.301	0.299	0.078	0.080	0.080	0.266	0.232	0.285	0.244	0.254	0.219	0.293	0.251	0.234	0.078	0.081	0.079	0.308	0.317	0.333	0.334	0.328	0.319	0.326	0.326	0.318	0.079	0.078	0.079	0.104	0.093	0.103	0.097	0.093	0.091	0.107	0.092	0.091	0.079	0.079	0.079
7:20:00	30.0	0.283	0.285	0.282	0.288	0.294	0.291	0.277	0.273	0.282	0.220	0.290	0.302	0.322	0.330	0.329	0.325	0.341	0.329	0.328	0.335	0.326	0.202	0.235	0.262	0.332	0.341	0.263	0.369	0.279	0.369	0.386	0.384	0.394	0.189	0.222	0.309	0.738	0.844	0.757	0.744	0.753	0.821	0.882	0.773	0.745	0.079	0.080	0.079	0.300	0.307	0.306	0.306	0.308	0.311	0.318	0.311	0.309	0.078	0.081	0.080	0.281	0.246	0.305	0.235	0.266	0.229	0.263	0.257	0.225	0.079	0.081	0.079	0.314	0.324	0.332	0.333	0.335	0.328	0.333	0.331	0.325	0.079	0.078	0.079	0.104	0.094	0.104	0.097	0.094	0.092	0.108	0.092	0.091	0.080	0.079	0.079
7:40:00	30.0	0.290	0.293	0.290	0.293	0.308	0.300	0.280	0.278	0.288	0.236	0.279	0.340	0.320	0.333	0.328	0.324	0.344	0.328	0.327	0.342	0.324	0.196	0.161	0.263	0.333	0.345	0.265	0.371	0.287	0.367	0.384	0.384	0.389	0.193	0.196	0.209	0.792	0.769	0.762	0.760	0.779	0.755	0.821	0.791	0.767	0.079	0.080	0.080	0.309	0.317	0.316	0.316	0.317	0.320	0.328	0.320	0.321	0.079	0.081	0.080	0.300	0.225	0.273	0.323	0.278	0.239	0.268	0.298	0.234	0.079	0.081	0.079	0.323	0.332	0.337	0.336	0.338	0.336	0.346	0.338	0.334	0.079	0.079	0.079	0.096	0.095	0.105	0.098	0.094	0.092	0.108	0.092	0.092	0.080	0.079	0.079
8:00:00	29.9	0.300	0.302	0.297	0.306	0.312	0.307	0.291	0.288	0.296	0.222	0.266	0.256	0.324	0.333	0.326	0.325	0.335	0.327	0.329	0.338	0.328	0.197	0.175	0.263	0.336	0.341	0.268	0.372	0.288	0.362	0.385	0.382	0.397	0.173	0.191	0.244	0.765	0.770	0.771	0.770	0.775	0.836	0.883	0.805	0.765	0.079	0.081	0.080	0.322	0.330	0.328	0.328	0.327	0.330	0.337	0.328	0.327	0.079	0.081	0.080	0.311	0.307	0.328	0.239	0.293	0.254	0.256	0.252	0.227	0.079	0.081	0.079	0.331	0.339	0.345	0.344	0.342	0.341	0.354	0.342	0.340	0.079	0.079	0.079	0.101	0.095	0.105	0.098	0.094	0.092	0.109	0.092	0.092	0.080	0.079	0.079
8:20:00	29.9	0.304	0.309	0.307	0.311	0.328	0.316	0.293	0.295	0.301	0.212	0.266	0.514	0.321	0.333	0.325	0.323	0.336	0.325	0.327	0.334	0.325	0.272	0.189	0.251	0.339	0.344	0.273	0.374	0.292	0.369	0.383	0.383	0.397	0.168	0.182	0.197	0.753	0.870	0.788	0.776	0.811	0.790	0.914	0.794	0.776	0.079	0.081	0.079	0.326	0.336	0.334	0.334	0.335	0.338	0.346	0.336	0.337	0.079	0.082	0.080	0.332	0.248	0.295	0.317	0.311	0.264	0.266	0.265	0.240	0.079	0.082	0.079	0.338	0.349	0.351	0.354	0.354	0.349	0.352	0.356	0.346	0.079	0.079	0.079	0.103	0.095	0.106	0.098	0.094	0.092	0.109	0.092	0.092	0.080	0.079	0.079
8:40:00	29.9	0.315	0.318	0.316	0.322	0.335	0.323	0.302	0.303	0.311	0.227	0.267	0.404	0.321	0.331	0.325	0.324	0.334	0.325	0.327	0.335	0.325	0.242	0.145	0.237	0.344	0.345	0.277	0.373	0.297	0.364	0.384	0.383	0.397	0.155	0.163	0.229	0.764	0.792	0.781	0.792	0.818	0.865	0.854	0.821	0.778	0.079	0.081	0.080	0.333	0.342	0.342	0.342	0.342	0.345	0.353	0.343	0.343	0.079	0.082	0.080	0.340	0.313	0.335	0.253	0.315	0.269	0.259	0.242	0.230	0.079	0.082	0.079	0.344	0.363	0.359	0.359	0.362	0.359	0.357	0.359	0.351	0.079	0.079	0.079	0.103	0.095	0.106	0.098	0.095	0.092	0.110	0.093	0.092	0.080	0.079	0.079
9:00:00	30.0	0.318	0.326	0.322	0.328	0.351	0.329	0.305	0.308	0.315	0.240	0.262	0.355	0.319	0.330	0.324	0.321	0.333	0.323	0.325	0.333	0.321	0.373	0.158	0.234	0.346	0.347	0.283	0.375	0.304	0.370	0.386	0.386	0.392	0.222	0.164	0.220	0.771	0.824	0.834	0.797	0.814	0.831	0.888	0.828	0.789	0.079	0.080	0.080	0.338	0.348	0.348	0.348	0.348	0.351	0.357	0.348	0.348	0.079	0.083	0.080	0.351	0.215	0.285	0.264	0.315	0.267	0.242	0.254	0.239	0.079	0.081	0.079	0.351	0.366	0.365	0.368	0.367	0.366	0.364	0.370	0.359	0.079	0.079	0.079	0.101	0.095	0.106	0.099	0.095	0.092	0.109	0.093	0.092	0.080	0.079	0.079
9:20:00	29.9	0.327	0.332	0.329	0.337	0.362	0.337	0.313	0.316	0.323	0.216	0.262	0.376	0.320	0.330	0.323	0.323	0.330	0.322	0.325	0.332	0.322	0.351	0.149	0.229	0.350	0.349	0.288	0.380	0.310	0.373	0.388	0.388	0.399	0.173	0.160	0.179	0.777	0.840	0.856	0.849	0.817	0.838	0.831	0.833	0.792	0.079	0.081	0.080	0.343	0.354	0.353	0.353	0.353	0.356	0.361	0.352	0.352	0.079	0.084	0.080	0.355	0.180	0.281	0.280	0.314	0.264	0.241	0.254	0.232	0.079	0.081	0.079	0.356	0.372	0.371	0.374	0.378	0.373	0.374	0.377	0.365	0.079	0.079	0.079	0.097	0.095	0.106	0.099	0.095	0.093	0.110	0.093	0.092	0.080	0.079	0.079
9:40:00	30.0	0.334	0.341	0.337	0.344	0.374	0.343	0.318	0.322	0.330	0.256	0.243	0.347	0.318	0.328	0.322	0.323	0.330	0.323	0.323	0.331	0.318	0.273	0.156	0.227	0.353	0.352	0.295	0.384	0.316	0.375	0.390	0.391	0.397	0.154	0.123	0.166	0.785	0.851	0.841	0.813	0.831	0.860	0.858	0.845	0.809	0.079	0.080	0.080	0.347	0.358	0.358	0.358	0.356	0.360	0.364	0.355	0.356	0.078	0.085	0.080	0.367	0.168	0.243	0.311	0.304	0.307	0.238	0.250	0.239	0.079	0.081	0.079	0.361	0.379	0.376	0.386	0.385	0.379	0.376	0.384	0.381	0.079	0.079	0.079	0.097	0.095	0.107	0.099	0.095	0.093	0.110	0.093	0.092	0.080	0.079	0.079
10:00:00	30.0	0.342	0.350	0.343	0.354	0.386	0.352	0.324	0.330	0.339	0.246	0.247	0.346	0.318	0.328	0.322	0.324	0.330	0.323	0.324	0.331	0.319	0.207	0.154	0.227	0.358	0.354	0.300	0.385	0.323	0.379	0.394	0.394	0.400	0.180	0.123	0.159	0.805	0.812	0.842	0.813	0.817	0.820	0.852	0.842	0.813	0.079	0.081	0.080	0.353	0.363	0.362	0.362	0.360	0.363	0.366	0.359	0.360	0.079	0.088	0.080	0.371	0.170	0.208	0.282	0.291	0.302	0.233	0.252	0.236	0.079	0.084	0.079	0.378	0.386	0.394	0.393	0.390	0.386	0.382	0.393	0.386	0.079	0.079	0.079	0.098	0.095	0.107	0.099	0.095	0.093	0.110	0.093	0.092	0.080	0.079	0.079
10:20:00	30.0	0.349	0.357	0.354	0.362	0.388	0.359	0.332	0.338	0.346	0.245	0.242	0.326	0.319	0.328	0.322	0.324	0.330	0.324	0.325	0.332	0.320	0.194	0.142	0.228	0.363	0.356	0.307	0.388	0.329	0.378	0.404	0.398	0.403	0.264	0.134	0.147	0.796	0.820	0.816	0.816	0.859	0.825	0.861	0.850	0.818	0.079	0.081	0.080	0.355	0.366	0.367	0.367	0.363	0.367	0.370	0.363	0.361	0.079	0.091	0.080	0.359	0.182	0.240	0.246	0.283	0.298	0.239	0.234	0.234	0.079	0.085	0.080	0.379	0.394	0.399	0.399	0.394	0.392	0.394	0.397	0.393	0.079	0.079	0.079	0.098	0.096	0.107	0.099	0.095	0.094	0.110	0.093	0.092	0.080	0.079	0.079
10:40:00	29.9	0.356	0.362	0.359	0.371	0.388	0.367	0.339	0.345	0.352	0.286	0.236	0.274	0.319	0.328	0.320	0.324	0.331	0.323	0.325	0.334	0.320	0.225	0.135	0.228	0.366	0.360	0.314	0.388	0.337	0.377	0.408	0.401	0.409	0.217	0.129	0.146	0.804	0.915	0.865	0.819	0.826	0.831	0.852	0.848	0.816	0.079	0.080	0.080	0.358	0.370	0.370	0.371	0.365	0.369	0.367	0.362	0.365	0.079	0.095	0.080	0.351	0.187	0.221	0.191	0.275	0.283	0.256	0.232	0.238	0.079	0.088	0.079	0.380	0.393	0.395	0.397	0.399	0.388	0.400	0.402	0.396	0.079	0.079	0.079	0.096	0.096	0.109	0.098	0.095	0.094	0.110	0.093	0.092	0.080	0.079	0.079
11:00:00	29.9	0.370	0.372	0.370	0.381	0.396	0.375	0.351	0.353	0.367	0.234	0.239	0.279	0.321	0.329	0.320	0.324	0.329	0.326	0.327	0.338	0.320	0.215	0.128	0.233	0.370	0.365	0.321	0.390	0.343	0.381	0.408	0.402	0.419	0.202	0.129	0.147	0.805	0.850	0.874	0.823	0.826	0.861	0.855	0.849	0.819	0.079	0.081	0.080	0.366	0.378	0.374	0.376	0.368	0.371	0.368	0.366	0.366	0.079	0.101	0.080	0.342	0.201	0.240	0.267	0.260	0.285	0.249	0.233	0.234	0.079	0.090	0.079	0.391	0.392	0.406	0.399	0.397	0.388	0.402	0.411	0.403	0.079	0.079	0.079	0.097	0.096	0.108	0.099	0.095	0.095	0.111	0.093	0.092	0.080	0.079	0.079
11:20:00	29.9	0.370	0.378	0.379	0.385	0.396	0.382	0.352	0.359	0.367	0.287	0.230	0.277	0.316	0.328	0.322	0.323	0.328	0.322	0.324	0.332	0.319	0.206	0.129	0.234	0.375	0.370	0.328	0.399	0.347	0.388	0.416	0.406	0.413	0.181	0.124	0.148	0.815	0.850	0.879	0.819	0.845	0.832	0.894	0.843	0.824	0.079	0.081	0.080	0.366	0.378	0.376	0.377	0.367	0.370	0.365	0.368	0.363	0.079	0.110	0.080	0.330	0.200	0.216	0.306	0.303	0.284	0.230	0.222	0.231	0.079	0.095	0.079	0.396	0.393	0.409	0.404	0.397	0.396	0.408	0.416	0.403	0.079	0.079	0.079	0.099	0.096	0.108	0.099	0.095	0.097	0.111	0.093	0.092	0.080	0.079	0.079
11:40:00	29.9	0.377	0.383	0.384	0.394	0.400	0.389	0.362	0.366	0.375	0.331	0.222	0.290	0.318	0.328	0.319	0.326	0.330	0.325	0.327	0.337	0.321	0.159	0.126	0.234	0.378	0.374	0.335	0.400	0.352	0.392	0.418	0.406	0.419	0.170	0.131	0.141	0.796	0.863	0.869	0.822	0.840	0.828	0.844	0.853	0.820	0.079	0.081	0.080	0.371	0.383	0.379	0.380	0.368	0.372	0.365	0.370	0.364	0.079	0.126	0.080	0.345	0.215	0.271	0.332	0.303	0.300	0.236	0.232	0.238	0.079	0.102	0.079	0.400	0.397	0.411	0.409	0.400	0.397	0.407	0.428	0.409	0.079	0.078	0.079	0.097	0.095	0.108	0.099	0.095	0.099	0.111	0.092	0.092	0.080	0.079	0.079
12:00:00	30.0	0.392	0.393	0.402	0.401	0.404	0.395	0.375	0.373	0.386	0.281	0.229	0.248	0.320	0.329	0.320	0.325	0.328	0.328	0.330	0.344	0.325	0.176	0.121	0.232	0.385	0.380	0.340	0.405	0.365	0.398	0.459	0.405	0.421	0.172	0.114	0.138	0.810	0.824	0.847	0.818	0.871	0.876	0.899	0.841	0.825	0.079	0.081	0.080	0.377	0.390	0.383	0.385	0.370	0.375	0.364	0.372	0.364	0.079	0.149	0.080	0.338	0.224	0.241	0.353	0.302	0.276	0.229	0.226	0.259	0.079	0.111	0.079	0.409	0.401	0.422	0.421	0.405	0.397	0.412	0.440	0.414	0.079	0.078	0.079	0.097	0.096	0.108	0.099	0.095	0.104	0.110	0.093	0.092	0.080	0.079	0.079
12:20:00	30.0	0.399	0.400	0.418	0.408	0.411	0.401	0.381	0.378	0.392	0.345	0.219	0.218	0.319	0.329	0.319	0.325	0.330	0.327	0.330	0.341	0.325	0.191	0.123	0.233	0.389	0.382	0.344	0.406	0.357	0.397	0.455	0.407	0.423	0.171	0.124	0.204	0.791	0.844	0.855	0.820	0.843	0.824	0.918	0.860	0.819	0.079	0.081	0.080	0.380	0.392	0.384	0.386	0.369	0.375	0.363	0.372	0.361	0.079	0.175	0.080	0.353	0.230	0.290	0.373	0.231	0.242	0.229	0.224	0.249	0.079	0.125	0.079	0.399	0.406	0.423	0.423	0.419	0.412	0.418	0.439	0.417	0.079	0.078	0.079	0.098	0.095	0.108	0.099	0.095	0.112	0.110	0.093	0.092	0.080	0.079	0.079
12:40:00	30.0	0.401	0.405	0.427	0.414	0.419	0.408	0.394	0.383	0.397	0.362	0.213	0.268	0.318	0.329	0.320	0.323	0.328	0.327	0.329	0.343	0.324	0.168	0.125	0.224	0.391	0.385	0.347	0.405	0.369	0.401	0.367	0.410	0.418	0.178	0.116	0.195	0.791	0.826	0.847	0.813	0.840	0.855	0.909	0.846	0.815	0.079	0.081	0.080	0.382	0.394	0.386	0.388	0.367	0.374	0.360	0.370	0.359	0.078	0.207	0.080	0.357	0.238	0.235	0.400	0.310	0.324	0.231	0.226	0.254	0.079	0.144	0.079	0.404	0.411	0.425	0.427	0.422	0.416	0.424	0.443	0.424	0.079	0.078	0.079	0.098	0.095	0.109	0.098	0.095	0.154	0.111	0.092	0.092	0.080	0.079	0.079
13:00:00	30.0	0.403	0.409	0.416	0.419	0.424	0.413	0.399	0.389	0.399	0.312	0.214	0.239	0.317	0.328	0.320	0.322	0.327	0.325	0.326	0.344	0.324	0.169	0.128	0.228	0.392	0.387	0.351	0.409	0.362	0.404	0.369	0.411	0.422	0.186	0.115	0.274	0.785	0.817	0.852	0.817	0.818	0.845	0.849	0.836	0.820	0.079	0.081	0.080	0.384	0.394	0.385	0.388	0.365	0.372	0.358	0.369	0.354	0.079	0.246	0.080	0.372	0.228	0.207	0.413	0.364	0.259	0.236	0.219	0.256	0.079	0.168	0.080	0.408	0.407	0.432	0.428	0.425	0.417	0.426	0.445	0.416	0.079	0.078	0.079	0.105	0.095	0.108	0.099	0.095	0.367	0.111	0.092	0.092	0.080	0.079	0.079
13:20:00	29.9	0.406	0.413	0.428	0.423	0.430	0.419	0.407	0.396	0.403	0.276	0.234	0.215	0.314	0.326	0.322	0.319	0.326	0.322	0.322	0.339	0.323	0.154	0.136	0.231	0.395	0.390	0.354	0.413	0.363	0.403	0.372	0.413	0.421	0.200	0.112	0.271	0.796	0.813	0.816	0.813	0.840	0.817	0.841	0.830	0.816	0.079	0.081	0.080	0.381	0.389	0.383	0.385	0.360	0.369	0.358	0.366	0.350	0.078	0.290	0.080	0.393	0.229	0.217	0.404	0.280	0.266	0.266	0.218	0.248	0.079	0.192	0.079	0.409	0.410	0.433	0.430	0.419	0.420	0.426	0.445	0.414	0.079	0.078	0.079	0.108	0.095	0.107	0.099	0.095	0.198	0.111	0.092	0.092	0.080	0.079	0.079
13:40:00	30.0	0.414	0.421	0.439	0.430	0.433	0.423	0.416	0.400	0.412	0.280	0.205	0.227	0.322	0.326	0.321	0.327	0.324	0.323	0.325	0.340	0.326	0.154	0.137	0.227	0.396	0.391	0.356	0.411	0.364	0.408	0.372	0.413	0.421	0.199	0.125	0.268	0.784	0.810	0.845	0.807	0.828	0.812	0.833	0.836	0.811	0.079	0.081	0.080	0.383	0.392	0.385	0.387	0.361	0.370	0.354	0.360	0.350	0.078	0.314	0.080	0.386	0.241	0.257	0.408	0.304	0.301	0.240	0.220	0.244	0.079	0.227	0.079	0.421	0.432	0.434	0.434	0.421	0.420	0.430	0.445	0.418	0.079	0.078	0.079	0.107	0.095	0.108	0.099	0.095	0.349	0.111	0.092	0.091	0.080	0.079	0.079
14:00:00	29.9	0.420	0.425	0.447	0.436	0.439	0.430	0.420	0.408	0.414	0.315	0.210	0.207	0.314	0.326	0.320	0.320	0.325	0.324	0.324	0.338	0.327	0.160	0.143	0.248	0.398	0.394	0.358	0.415	0.373	0.410	0.373	0.415	0.422	0.215	0.121	0.290	0.783	0.812	0.870	0.808	0.815	0.834	0.835	0.841	0.812	0.079	0.081	0.080	0.382	0.392	0.384	0.384	0.359	0.370	0.354	0.355	0.348	0.079	0.352	0.081	0.414	0.233	0.229	0.375	0.291	0.357	0.237	0.230	0.244	0.079	0.263	0.080	0.418	0.432	0.435	0.437	0.429	0.419	0.432	0.453	0.421	0.079	0.079	0.079	0.103	0.096	0.108	0.099	0.095	0.394	0.111	0.092	0.091	0.080	0.079	0.079
14:20:00	30.0	0.422	0.430	0.471	0.440	0.442	0.430	0.429	0.410	0.421	0.287	0.218	0.207	0.312	0.324	0.318	0.316	0.325	0.323	0.324	0.336	0.326	0.263	0.146	0.233	0.398	0.395	0.359	0.414	0.365	0.409	0.372	0.415	0.425	0.221	0.119	0.281	0.782	0.827	0.813	0.856	0.812	0.816	0.827	0.831	0.809	0.079	0.082	0.080	0.380	0.390	0.381	0.383	0.359	0.369	0.354	0.356	0.347	0.079	0.382	0.081	0.388	0.243	0.239	0.410	0.324	0.318	0.246	0.268	0.260	0.079	0.292	0.080	0.433	0.434	0.438	0.441	0.433	0.417	0.427	0.449	0.422	0.079	0.079	0.079	0.108	0.096	0.108	0.099	0.095	0.372	0.112	0.092	0.091	0.080	0.079	0.079
14:40:00	30.0	0.431	0.437	0.467	0.446	0.449	0.437	0.438	0.414	0.429	0.280	0.208	0.228	0.316	0.326	0.323	0.326	0.325	0.324	0.324	0.343	0.329	0.164	0.148	0.221	0.400	0.396	0.360	0.415	0.366	0.410	0.371	0.414	0.422	0.222	0.127	0.296	0.779	0.824	0.838	0.805	0.807	0.809	0.903	0.832	0.808	0.079	0.081	0.080	0.384	0.393	0.383	0.385	0.361	0.369	0.352	0.354	0.347	0.079	0.421	0.080	0.390	0.240	0.242	0.353	0.335	0.433	0.251	0.268	0.260	0.079	0.332	0.080	0.416	0.437	0.439	0.446	0.437	0.421	0.427	0.448	0.428	0.079	0.079	0.079	0.104	0.096	0.109	0.098	0.095	0.362	0.112	0.093	0.092	0.080	0.079	0.079
15:00:00	29.9	0.433	0.439	0.461	0.450	0.453	0.443	0.438	0.421	0.429	0.235	0.208	0.182	0.315	0.324	0.320	0.320	0.325	0.321	0.321	0.342	0.327	0.200	0.150	0.235	0.401	0.398	0.360	0.417	0.364	0.414	0.368	0.418	0.423	0.211	0.114	0.291	0.778	0.836	0.815	0.804	0.805	0.804	0.871	0.823	0.805	0.079	0.081	0.080	0.383	0.391	0.380	0.381	0.357	0.367	0.350	0.351	0.345	0.078	0.399	0.080	0.377	0.238	0.226	0.317	0.334	0.287	0.262	0.277	0.272	0.079	0.372	0.079	0.419	0.440	0.443	0.445	0.440	0.426	0.433	0.450	0.422	0.079	0.078	0.079	0.106	0.095	0.108	0.098	0.095	0.543	0.111	0.092	0.091	0.079	0.079	0.079
15:20:00	30.0	0.438	0.444	0.474	0.456	0.459	0.448	0.443	0.424	0.434	0.297	0.208	0.183	0.312	0.323	0.318	0.316	0.325	0.322	0.323	0.339	0.318	0.262	0.148	0.220	0.400	0.398	0.359	0.418	0.365	0.413	0.366	0.416	0.423	0.213	0.115	0.283	0.773	0.798	0.806	0.803	0.804	0.798	0.821	0.814	0.806	0.079	0.081	0.080	0.380	0.390	0.380	0.383	0.356	0.366	0.352	0.350	0.344	0.078	0.518	0.080	0.375	0.240	0.222	0.315	0.403	0.279	0.273	0.301	0.274	0.079	0.435	0.079	0.421	0.441	0.443	0.443	0.442	0.424	0.434	0.450	0.430	0.079	0.078	0.079	0.104	0.095	0.109	0.098	0.094	0.451	0.111	0.092	0.091	0.080	0.079	0.079
15:40:00	30.0	0.446	0.455	0.537	0.461	0.465	0.451	0.452	0.427	0.443	0.300	0.220	0.229	0.315	0.323	0.321	0.317	0.326	0.323	0.324	0.343	0.320	0.202	0.143	0.230	0.400	0.399	0.358	0.419	0.381	0.414	0.362	0.418	0.424	0.211	0.127	0.290	0.775	0.811	0.835	0.803	0.800	0.806	0.833	0.812	0.791	0.079	0.082	0.080	0.384	0.395	0.383	0.385	0.353	0.368	0.349	0.350	0.344	0.078	0.442	0.080	0.351	0.262	0.259	0.301	0.590	0.274	0.284	0.330	0.263	0.079	0.499	0.079	0.427	0.444	0.445	0.448	0.445	0.428	0.438	0.452	0.432	0.079	0.078	0.079	0.103	0.095	0.108	0.098	0.094	0.560	0.112	0.092	0.091	0.080	0.079	0.079
16:00:00	30.0	0.445	0.454	0.482	0.465	0.466	0.456	0.451	0.434	0.444	0.301	0.228	0.194	0.309	0.321	0.319	0.314	0.327	0.319	0.320	0.344	0.318	0.169	0.154	0.215	0.402	0.400	0.357	0.422	0.359	0.417	0.359	0.421	0.424	0.228	0.130	0.281	0.765	0.806	0.812	0.792	0.797	0.816	0.837	0.808	0.797	0.079	0.081	0.080	0.378	0.389	0.377	0.379	0.351	0.364	0.351	0.348	0.341	0.079	0.461	0.080	0.343	0.263	0.243	0.280	0.389	0.440	0.291	0.351	0.266	0.079	0.491	0.079	0.427	0.449	0.449	0.453	0.444	0.427	0.434	0.453	0.426	0.079	0.078	0.079	0.112	0.095	0.107	0.099	0.095	0.640	0.111	0.092	0.091	0.080	0.079	0.079
16:20:00	29.9	0.452	0.461	0.490	0.472	0.473	0.462	0.458	0.439	0.448	0.305	0.223	0.209	0.311	0.323	0.317	0.315	0.327	0.320	0.323	0.347	0.318	0.311	0.150	0.214	0.402	0.400	0.355	0.420	0.356	0.418	0.355	0.421	0.424	0.229	0.119	0.282	0.764	0.800	0.790	0.790	0.792	0.836	0.830	0.815	0.793	0.079	0.082	0.080	0.379	0.391	0.378	0.381	0.351	0.365	0.351	0.347	0.341	0.079	0.394	0.080	0.399	0.260	0.232	0.283	0.335	0.375	0.292	0.365	0.267	0.079	0.419	0.079	0.427	0.448	0.455	0.451	0.448	0.431	0.437	0.455	0.431	0.079	0.078	0.079	0.108	0.095	0.109	0.098	0.094	0.577	0.111	0.092	0.092	0.080	0.079	0.079
16:40:00	29.9	0.459	0.469	0.529	0.476	0.479	0.465	0.465	0.442	0.457	0.310	0.214	0.167	0.312	0.324	0.316	0.317	0.322	0.322	0.325	0.337	0.318	0.163	0.163	0.210	0.403	0.399	0.352	0.425	0.352	0.420	0.351	0.420	0.423	0.229	0.133	0.301	0.764	0.787	0.794	0.789	0.786	0.829	0.860	0.802	0.784	0.079	0.082	0.080	0.384	0.394	0.381	0.383	0.349	0.366	0.350	0.349	0.340	0.079	0.345	0.080	0.502	0.254	0.235	0.254	0.362	0.380	0.293	0.321	0.276	0.079	0.369	0.079	0.426	0.448	0.450	0.451	0.450	0.429	0.437	0.452	0.433	0.079	0.078	0.079	0.110	0.095	0.108	0.098	0.095	0.587	0.111	0.092	0.092	0.080	0.079	0.079
17:00:00	29.9	0.467	0.478	0.547	0.482	0.485	0.472	0.473	0.448	0.462	0.268	0.216	0.168	0.314	0.327	0.314	0.319	0.320	0.325	0.329	0.340	0.318	0.144	0.188	0.212	0.402	0.397	0.349	0.427	0.349	0.419	0.346	0.418	0.421	0.214	0.134	0.303	0.754	0.784	0.803	0.791	0.784	0.785	0.829	0.794	0.782	0.079	0.082	0.080	0.385	0.395	0.382	0.383	0.348	0.367	0.350	0.347	0.339	0.079	0.385	0.080	0.424	0.245	0.257	0.271	0.495	0.335	0.266	0.303	0.281	0.079	0.333	0.079	0.428	0.444	0.455	0.453	0.450	0.433	0.439	0.450	0.433	0.079	0.079	0.079	0.110	0.095	0.109	0.098	0.094	0.726	0.111	0.092	0.092	0.080	0.079	0.079
17:20:00	29.9	0.470	0.482	0.554	0.487	0.489	0.476	0.477	0.452	0.465	0.283	0.223	0.220	0.313	0.325	0.314	0.317	0.320	0.324	0.328	0.337	0.316	0.182	0.189	0.207	0.401	0.395	0.346	0.429	0.345	0.421	0.342	0.415	0.422	0.206	0.124	0.309	0.755	0.780	0.798	0.778	0.779	0.770	0.826	0.794	0.784	0.080	0.083	0.080	0.381	0.394	0.382	0.383	0.347	0.368	0.349	0.347	0.340	0.079	0.400	0.080	0.382	0.252	0.263	0.237	0.288	0.445	0.270	0.283	0.283	0.079	0.330	0.080	0.428	0.445	0.451	0.454	0.452	0.436	0.440	0.453	0.435	0.079	0.079	0.079	0.108	0.096	0.108	0.099	0.095	0.700	0.112	0.092	0.092	0.080	0.079	0.079
17:40:00	30.0	0.468	0.477	0.505	0.491	0.490	0.477	0.477	0.456	0.470	0.295	0.217	0.162	0.309	0.323	0.312	0.314	0.314	0.321	0.326	0.334	0.314	0.154	0.176	0.204	0.403	0.393	0.342	0.429	0.375	0.421	0.342	0.401	0.422	0.213	0.108	0.278	0.748	0.781	0.773	0.773	0.774	0.793	0.789	0.779	0.769	0.079	0.082	0.080	0.382	0.386	0.377	0.380	0.348	0.365	0.348	0.347	0.340	0.079	0.599	0.080	0.388	0.283	0.267	0.232	0.328	0.323	0.301	0.306	0.263	0.079	0.311	0.080	0.431	0.453	0.460	0.457	0.453	0.435	0.441	0.455	0.435	0.079	0.079	0.079	0.107	0.096	0.109	0.098	0.095	0.647	0.112	0.093	0.093	0.080	0.079	0.079
18:00:00	29.9	0.479	0.490	0.559	0.492	0.498	0.485	0.485	0.460	0.478	0.274	0.218	0.154	0.323	0.327	0.310	0.318	0.320	0.326	0.328	0.341	0.315	0.132	0.184	0.203	0.405	0.391	0.338	0.431	0.336	0.422	0.352	0.398	0.422	0.190	0.128	0.296	0.747	0.782	0.795	0.811	0.769	0.777	0.867	0.781	0.772	0.079	0.082	0.080	0.384	0.392	0.381	0.383	0.347	0.367	0.349	0.346	0.339	0.079	0.571	0.080	0.354	0.257	0.251	0.257	0.506	0.376	0.264	0.337	0.282	0.079	0.198	0.079	0.431	0.445	0.453	0.455	0.454	0.436	0.442	0.454	0.438	0.079	0.078	0.079	0.105	0.095	0.109	0.098	0.094	0.678	0.111	0.092	0.092	0.080	0.079	0.079
18:20:00	30.0	0.480	0.490	0.521	0.499	0.500	0.487	0.487	0.467	0.480	0.248	0.216	0.166	0.311	0.326	0.318	0.314	0.314	0.321	0.326	0.339	0.315	0.154	0.184	0.204	0.404	0.390	0.335	0.433	0.337	0.424	0.332	0.394	0.423	0.198	0.117	0.274	0.738	0.767	0.776	0.770	0.764	0.758	0.790	0.776	0.764	0.079	0.082	0.080	0.382	0.389	0.378	0.381	0.346	0.366	0.349	0.347	0.339	0.078	0.572	0.080	0.421	0.280	0.254	0.245	0.301	0.365	0.311	0.352	0.270	0.079	0.288	0.079	0.438	0.450	0.459	0.461	0.457	0.439	0.443	0.458	0.435	0.079	0.078	0.079	0.110	0.096	0.108	0.098	0.095	0.765	0.112	0.092	0.092	0.080	0.079	0.079
18:40:00	29.9	0.484	0.494	0.523	0.499	0.506	0.491	0.491	0.470	0.484	0.280	0.205	0.141	0.313	0.325	0.313	0.314	0.319	0.324	0.326	0.338	0.315	0.173	0.182	0.199	0.404	0.411	0.331	0.433	0.329	0.423	0.328	0.389	0.420	0.202	0.132	0.277	0.735	0.776	0.784	0.762	0.759	0.817	0.844	0.776	0.761	0.079	0.083	0.080	0.379	0.391	0.380	0.382	0.346	0.369	0.349	0.345	0.338	0.079	0.565	0.080	0.445	0.284	0.256	0.242	0.523	0.323	0.313	0.359	0.279	0.079	0.377	0.079	0.432	0.443	0.456	0.459	0.459	0.439	0.445	0.461	0.443	0.079	0.078	0.079	0.107	0.096	0.109	0.098	0.094	0.690	0.112	0.093	0.092	0.080	0.079	0.079
19:00:00	29.9	0.492	0.502	0.561	0.505	0.512	0.497	0.498	0.471	0.488	0.254	0.203	0.163	0.315	0.327	0.313	0.318	0.324	0.325	0.328	0.341	0.315	0.223	0.182	0.200	0.401	0.417	0.328	0.435	0.325	0.424	0.326	0.387	0.420	0.223	0.127	0.274	0.734	0.766	0.773	0.753	0.755	0.747	0.770	0.765	0.755	0.079	0.087	0.080	0.384	0.407	0.381	0.381	0.346	0.369	0.348	0.345	0.338	0.079	0.558	0.080	0.429	0.264	0.257	0.224	0.472	0.318	0.302	0.366	0.285	0.079	0.549	0.079	0.438	0.442	0.458	0.461	0.458	0.440	0.445	0.462	0.443	0.079	0.078	0.079	0.104	0.096	0.109	0.098	0.094	0.761	0.112	0.093	0.092	0.080	0.079	0.079
19:20:00	29.9	0.494	0.504	0.552	0.508	0.515	0.499	0.500	0.473	0.492	0.262	0.205	0.149	0.316	0.327	0.316	0.315	0.318	0.324	0.327	0.339	0.314	0.245	0.196	0.197	0.401	0.418	0.324	0.435	0.322	0.423	0.350	0.384	0.419	0.219	0.126	0.278	0.723	0.755	0.766	0.792	0.751	0.751	0.836	0.762	0.747	0.079	0.086	0.080	0.381	0.394	0.382	0.384	0.346	0.371	0.348	0.345	0.339	0.079	0.502	0.080	0.394	0.282	0.265	0.236	0.419	0.378	0.316	0.375	0.284	0.079	0.297	0.079	0.435	0.443	0.459	0.461	0.462	0.443	0.446	0.463	0.445	0.079	0.079	0.079	0.107	0.096	0.109	0.098	0.095	0.683	0.112	0.093	0.092	0.080	0.079	0.079
19:40:00	30.0	0.494	0.506	0.522	0.509	0.517	0.500	0.497	0.478	0.487	0.255	0.211	0.152	0.312	0.323	0.312	0.313	0.312	0.321	0.324	0.339	0.314	0.212	0.188	0.196	0.399	0.411	0.321	0.435	0.319	0.424	0.323	0.381	0.419	0.224	0.110	0.287	0.717	0.753	0.779	0.745	0.766	0.738	0.753	0.752	0.746	0.079	0.086	0.080	0.377	0.389	0.378	0.381	0.346	0.368	0.349	0.343	0.338	0.079	0.481	0.080	0.435	0.299	0.267	0.283	0.509	0.360	0.332	0.390	0.279	0.079	0.271	0.079	0.439	0.443	0.456	0.462	0.460	0.441	0.449	0.461	0.449	0.079	0.079	0.079	0.111	0.096	0.108	0.099	0.095	0.678	0.112	0.093	0.092	0.080	0.079	0.079
20:00:00	30.0	0.496	0.508	0.520	0.508	0.518	0.503	0.499	0.478	0.490	0.252	0.197	0.136	0.313	0.324	0.311	0.313	0.355	0.322	0.325	0.341	0.314	0.242	0.190	0.197	0.397	0.409	0.318	0.437	0.316	0.424	0.315	0.380	0.418	0.220	0.119	0.290	0.717	0.747	0.765	0.782	0.743	0.739	0.767	0.745	0.740	0.079	0.086	0.080	0.377	0.391	0.380	0.385	0.345	0.368	0.349	0.344	0.340	0.079	0.473	0.080	0.422	0.302	0.267	0.233	0.364	0.380	0.334	0.390	0.279	0.079	0.370	0.080	0.436	0.447	0.462	0.461	0.461	0.447	0.451	0.463	0.451	0.079	0.078	0.079	0.109	0.095	0.108	0.099	0.095	0.684	0.112	0.093	0.092	0.080	0.079	0.079
20:20:00	30.0	0.505	0.518	0.576	0.513	0.527	0.513	0.511	0.479	0.502	0.269	0.202	0.150	0.317	0.328	0.309	0.318	0.317	0.322	0.328	0.344	0.313	0.216	0.189	0.194	0.393	0.410	0.316	0.439	0.314	0.420	0.329	0.378	0.416	0.223	0.133	0.281	0.713	0.738	0.773	0.752	0.739	0.746	0.759	0.744	0.732	0.079	0.082	0.080	0.382	0.393	0.382	0.385	0.346	0.370	0.349	0.345	0.338	0.079	0.466	0.080	0.424	0.300	0.266	0.236	0.347	0.565	0.330	0.397	0.290	0.079	0.487	0.080	0.437	0.446	0.462	0.464	0.462	0.447	0.450	0.461	0.448	0.079	0.078	0.079	0.109	0.096	0.108	0.098	0.095	0.701	0.112	0.093	0.092	0.080	0.079	0.079
20:40:00	30.0	0.506	0.517	0.544	0.512	0.529	0.513	0.515	0.480	0.505	0.239	0.196	0.157	0.316	0.329	0.320	0.317	0.316	0.320	0.327	0.343	0.315	0.215	0.223	0.191	0.392	0.406	0.313	0.440	0.313	0.418	0.311	0.375	0.414	0.235	0.116	0.282	0.704	0.737	0.743	0.733	0.734	0.740	0.739	0.739	0.726	0.079	0.082	0.080	0.377	0.393	0.382	0.386	0.345	0.369	0.349	0.346	0.338	0.079	0.458	0.080	0.447	0.299	0.270	0.208	0.396	0.548	0.336	0.623	0.293	0.079	0.517	0.079	0.440	0.443	0.460	0.461	0.464	0.443	0.450	0.463	0.446	0.079	0.079	0.079	0.107	0.096	0.109	0.098	0.095	0.696	0.112	0.093	0.092	0.080	0.079	0.079
21:00:00	30.0	0.511	0.526	0.580	0.514	0.536	0.521	0.513	0.487	0.521	0.237	0.207	0.131	0.325	0.326	0.310	0.317	0.314	0.323	0.328	0.346	0.313	0.153	0.216	0.191	0.390	0.405	0.311	0.441	0.317	0.416	0.310	0.375	0.411	0.234	0.123	0.279	0.701	0.733	0.750	0.732	0.731	0.757	0.771	0.739	0.724	0.080	0.087	0.080	0.375	0.389	0.382	0.385	0.344	0.370	0.349	0.347	0.338	0.079	0.440	0.080	0.430	0.303	0.272	0.197	0.378	0.341	0.340	0.462	0.297	0.079	0.623	0.080	0.436	0.442	0.460	0.461	0.463	0.444	0.455	0.468	0.452	0.079	0.079	0.079	0.105	0.096	0.108	0.099	0.095	0.727	0.113	0.093	0.092	0.080	0.079	0.079
21:20:00	30.0	0.512	0.524	0.547	0.513	0.539	0.521	0.520	0.485	0.545	0.260	0.191	0.137	0.326	0.324	0.310	0.316	0.314	0.322	0.319	0.345	0.315	0.229	0.182	0.189	0.387	0.401	0.309	0.435	0.309	0.415	0.307	0.372	0.404	0.233	0.131	0.298	0.700	0.743	0.737	0.737	0.726	0.717	0.742	0.735	0.728	0.079	0.083	0.080	0.377	0.391	0.380	0.383	0.344	0.368	0.348	0.344	0.337	0.079	0.428	0.080	0.432	0.315	0.276	0.184	0.361	0.352	0.350	0.488	0.296	0.079	0.605	0.079	0.438	0.442	0.459	0.459	0.463	0.446	0.453	0.469	0.454	0.079	0.078	0.079	0.110	0.096	0.108	0.098	0.094	0.711	0.112	0.093	0.092	0.080	0.079	0.079
21:40:00	29.9	0.516	0.535	0.570	0.515	0.543	0.525	0.519	0.489	0.519	0.233	0.191	0.126	0.315	0.326	0.310	0.316	0.312	0.322	0.318	0.345	0.315	0.198	0.216	0.186	0.382	0.401	0.307	0.430	0.308	0.412	0.306	0.371	0.401	0.220	0.124	0.298	0.696	0.742	0.735	0.731	0.721	0.713	0.735	0.729	0.724	0.079	0.083	0.080	0.375	0.391	0.380	0.385	0.344	0.368	0.348	0.343	0.336	0.078	0.419	0.080	0.441	0.594	0.282	0.173	0.377	0.365	0.358	0.475	0.307	0.079	0.529	0.079	0.464	0.439	0.459	0.461	0.464	0.448	0.455	0.472	0.453	0.079	0.078	0.079	0.106	0.095	0.108	0.099	0.095	0.710	0.113	0.093	0.093	0.080	0.079	0.079
22:00:00	30.0	0.523	0.548	0.628	0.521	0.550	0.531	0.523	0.494	0.559	0.250	0.198	0.128	0.319	0.331	0.316	0.316	0.315	0.329	0.321	0.345	0.316	0.229	0.173	0.188	0.384	0.405	0.305	0.425	0.307	0.413	0.305	0.375	0.399	0.228	0.130	0.309	0.688	0.732	0.716	0.722	0.716	0.720	0.782	0.725	0.716	0.080	0.083	0.080	0.375	0.392	0.381	0.384	0.342	0.364	0.348	0.344	0.335	0.079	0.408	0.080	0.452	0.153	0.287	0.166	0.456	0.395	0.337	0.482	0.317	0.079	0.461	0.080	0.433	0.442	0.457	0.459	0.463	0.443	0.452	0.465	0.449	0.079	0.079	0.079	0.107	0.096	0.107	0.099	0.095	0.740	0.113	0.094	0.093	0.080	0.079	0.079
22:20:00	29.9	0.524	0.550	0.615	0.529	0.550	0.532	0.524	0.498	0.507	0.241	0.198	0.135	0.315	0.329	0.310	0.316	0.310	0.320	0.321	0.346	0.315	0.224	0.199	0.186	0.382	0.405	0.304	0.428	0.307	0.411	0.303	0.392	0.396	0.239	0.124	0.273	0.691	0.711	0.729	0.712	0.711	0.717	0.749	0.737	0.716	0.079	0.082	0.080	0.374	0.388	0.380	0.386	0.343	0.365	0.348	0.346	0.335	0.079	0.403	0.080	0.469	0.149	0.291	0.494	0.475	0.347	0.164	0.478	0.320	0.079	0.437	0.079	0.433	0.438	0.458	0.459	0.463	0.447	0.456	0.471	0.457	0.079	0.078	0.079	0.110	0.096	0.107	0.099	0.095	0.731	0.114	0.129	0.093	0.080	0.079	0.079
22:40:00	30.0	0.526	0.548	0.584	0.531	0.556	0.536	0.527	0.496	0.519	0.258	0.187	0.118	0.321	0.328	0.333	0.315	0.310	0.324	0.319	0.345	0.315	0.218	0.200	0.185	0.378	0.397	0.302	0.423	0.304	0.408	0.302	0.481	0.392	0.230	0.130	0.283	0.681	0.712	0.750	0.750	0.711	0.702	0.762	0.717	0.713	0.079	0.086	0.080	0.375	0.390	0.380	0.386	0.340	0.364	0.346	0.343	0.334	0.079	0.401	0.080	0.484	0.148	0.298	0.656	0.415	0.476	0.348	0.476	0.318	0.079	0.400	0.079	0.438	0.440	0.460	0.458	0.462	0.450	0.456	0.473	0.457	0.079	0.078	0.079	0.107	0.096	0.108	0.099	0.095	0.723	0.114	0.230	0.093	0.080	0.079	0.079
23:00:00	30.0	0.523	0.545	0.530	0.522	0.556	0.546	0.522	0.498	0.519	0.258	0.193	0.126	0.319	0.320	0.334	0.314	0.307	0.315	0.316	0.342	0.314	0.190	0.185	0.183	0.373	0.393	0.301	0.426	0.305	0.409	0.301	0.392	0.390	0.230	0.120	0.296	0.682	0.711	0.729	0.711	0.705	0.698	0.726	0.712	0.702	0.079	0.082	0.080	0.373	0.388	0.376	0.379	0.341	0.364	0.346	0.340	0.333	0.079	0.404	0.080	0.477	0.147	0.304	0.205	0.438	0.402	0.370	0.516	0.316	0.079	0.387	0.079	0.436	0.437	0.456	0.458	0.462	0.453	0.458	0.471	0.455	0.079	0.078	0.079	0.107	0.167	0.107	0.099	0.095	0.777	0.113	0.314	0.093	0.080	0.079	0.079
23:20:00	29.9	0.531	0.556	0.597	0.564	0.567	0.549	0.528	0.503	0.526	0.256	0.196	0.119	0.317	0.326	0.346	0.320	0.313	0.319	0.319	0.344	0.314	0.194	0.177	0.181	0.376	0.401	0.300	0.428	0.302	0.408	0.300	0.362	0.385	0.227	0.117	0.286	0.674	0.709	0.708	0.700	0.701	0.723	0.705	0.706	0.709	0.080	0.082	0.080	0.374	0.395	0.379	0.382	0.340	0.362	0.347	0.342	0.333	0.079	0.418	0.080	0.477	0.147	0.308	0.692	0.378	0.388	0.308	0.502	0.323	0.079	0.450	0.080	0.444	0.440	0.456	0.460	0.460	0.456	0.459	0.471	0.460	0.079	0.079	0.079	0.105	0.173	0.108	0.099	0.095	0.788	0.114	0.085	0.094	0.080	0.079	0.079
23:40:00	29.9	0.530	0.550	0.538	0.559	0.567	0.537	0.530	0.499	0.536	0.260	0.188	0.105	0.315	0.322	0.337	0.317	0.309	0.317	0.317	0.344	0.316	0.196	0.179	0.179	0.371	0.396	0.299	0.422	0.301	0.406	0.299	0.318	0.383	0.228	0.122	0.302	0.672	0.711	0.711	0.763	0.700	0.692	0.716	0.707	0.701	0.080	0.084	0.080	0.371	0.389	0.376	0.379	0.339	0.363	0.344	0.341	0.332	0.079	0.414	0.080	0.479	0.165	0.313	0.290	0.434	0.377	0.388	0.512	0.320	0.079	0.622	0.080	0.435	0.439	0.455	0.456	0.462	0.454	0.458	0.474	0.464	0.079	0.079	0.079	0.105	0.082	0.108	0.099	0.095	0.732	0.114	0.096	0.094	0.080	0.079	0.079
24:00:00	30.0	0.533	0.554	0.559	0.570	0.572	0.543	0.531	0.503	0.579	0.261	0.180	0.107	0.317	0.323	0.344	0.314	0.309	0.323	0.318	0.344	0.314	0.224	0.176	0.179	0.368	0.398	0.298	0.423	0.304	0.406	0.298	0.291	0.382	0.232	0.118	0.285	0.669	0.713	0.706	0.696	0.729	0.734	0.711	0.707	0.701	0.079	0.082	0.080	0.374	0.388	0.376	0.378	0.338	0.361	0.344	0.343	0.331	0.079	0.412	0.080	0.480	0.147	0.313	0.176	0.399	0.405	0.383	0.531	0.329	0.079	0.839	0.080	0.434	0.439	0.453	0.459	0.459	0.455	0.456	0.474	0.462	0.079	0.078	0.079	0.110	0.114	0.108	0.099	0.096	0.733	0.114	0.086	0.094	0.080	0.079	0.079
24:20:00	30.0	0.540	0.568	0.624	0.623	0.582	0.550	0.536	0.505	0.551	0.274	0.188	0.118	0.316	0.327	0.328	0.317	0.312	0.320	0.320	0.342	0.313	0.195	0.180	0.179	0.372	0.409	0.297	0.424	0.300	0.405	0.298	0.281	0.380	0.226	0.113	0.312	0.667	0.694	0.693	0.693	0.740	0.700	0.709	0.698	0.697	0.079	0.085	0.080	0.371	0.393	0.375	0.378	0.338	0.361	0.340	0.344	0.331	0.079	0.417	0.080	0.478	0.153	0.316	0.204	0.385	0.468	0.190	0.524	0.339	0.079	0.744	0.080	0.430	0.438	0.454	0.452	0.457	0.455	0.453	0.472	0.458	0.079	0.078	0.079	0.106	0.112	0.108	0.099	0.082	0.715	0.115	0.107	0.095	0.080	0.079	0.079
24:40:00	29.9	0.535	0.554	0.521	0.572	0.606	0.545	0.534	0.503	0.589	0.263	0.189	0.101	0.318	0.322	0.329	0.312	0.311	0.318	0.317	0.344	0.312	0.190	0.199	0.176	0.366	0.389	0.296	0.419	0.299	0.404	0.297	0.289	0.378	0.225	0.096	0.286	0.662	0.697	0.695	0.691	0.689	0.698	0.697	0.693	0.691	0.079	0.082	0.080	0.369	0.387	0.374	0.377	0.338	0.361	0.342	0.340	0.330	0.079	0.763	0.080	0.481	0.154	0.325	0.206	0.361	0.380	0.403	0.529	0.335	0.079	0.951	0.080	0.431	0.441	0.451	0.454	0.456	0.458	0.459	0.480	0.464	0.079	0.078	0.079	0.105	0.208	0.109	0.099	0.104	0.706	0.114	0.224	0.095	0.080	0.079	0.079
25:00:00	30.0	0.538	0.557	0.520	0.635	0.623	0.573	0.539	0.523	0.524	0.267	0.176	0.101	0.317	0.320	0.337	0.311	0.312	0.315	0.315	0.341	0.325	0.192	0.176	0.175	0.364	0.386	0.295	0.413	0.298	0.401	0.296	0.324	0.380	0.224	0.118	0.302	0.657	0.692	0.719	0.698	0.688	0.701	0.726	0.691	0.688	0.079	0.081	0.080	0.370	0.385	0.372	0.376	0.340	0.362	0.342	0.338	0.329	0.079	0.766	0.080	0.483	0.156	0.330	0.247	0.397	0.435	0.411	0.538	0.343	0.079	1.010	0.080	0.437	0.444	0.453	0.454	0.456	0.458	0.459	0.479	0.463	0.079	0.078	0.079	0.109	0.085	0.109	0.099	0.082	0.699	0.115	0.209	0.096	0.080	0.079	0.079
25:20:00	30.0	0.541	0.563	0.536	0.654	0.563	0.584	0.539	0.509	0.593	0.248	0.175	0.101	0.321	0.320	0.326	0.313	0.308	0.332	0.317	0.342	0.312	0.192	0.183	0.173	0.361	0.388	0.294	0.412	0.298	0.399	0.296	0.371	0.375	0.219	0.122	0.292	0.656	0.686	0.685	0.694	0.683	0.683	0.714	0.692	0.687	0.079	0.084	0.080	0.371	0.385	0.371	0.374	0.338	0.362	0.342	0.339	0.329	0.079	0.768	0.080	0.484	0.166	0.331	0.363	0.357	0.431	0.421	0.542	0.351	0.079	0.959	0.080	0.432	0.446	0.452	0.453	0.454	0.457	0.459	0.478	0.465	0.079	0.079	0.079	0.109	0.083	0.109	0.099	0.111	0.691	0.115	0.188	0.096	0.080	0.079	0.079
25:40:00	29.9	0.541	0.559	0.517	0.658	0.652	0.549	0.566	0.506	0.535	0.251	0.182	0.111	0.317	0.320	0.328	0.313	0.308	0.317	0.316	0.338	0.318	0.187	0.184	0.172	0.361	0.389	0.293	0.412	0.297	0.399	0.295	0.289	0.375	0.201	0.117	0.301	0.657	0.684	0.704	0.686	0.679	0.695	0.721	0.684	0.681	0.079	0.081	0.080	0.369	0.384	0.370	0.374	0.337	0.360	0.340	0.339	0.328	0.079	0.770	0.080	0.485	0.161	0.334	0.404	0.368	0.425	0.429	0.550	0.349	0.079	0.759	0.080	0.431	0.445	0.451	0.454	0.455	0.458	0.459	0.479	0.462	0.079	0.079	0.079	0.111	0.082	0.109	0.099	0.148	0.684	0.115	0.151	0.097	0.080	0.079	0.079
26:00:00	29.9	0.544	0.616	0.547	0.669	0.615	0.566	0.547	0.511	0.599	0.286	0.185	0.106	0.320	0.325	0.341	0.337	0.309	0.321	0.318	0.335	0.311	0.189	0.178	0.171	0.359	0.394	0.292	0.409	0.296	0.397	0.294	0.414	0.373	0.188	0.111	0.276	0.648	0.676	0.685	0.680	0.677	0.675	0.681	0.684	0.682	0.079	0.081	0.080	0.369	0.394	0.371	0.373	0.337	0.360	0.338	0.339	0.328	0.079	0.765	0.080	0.488	0.172	0.337	0.437	0.404	0.385	0.389	0.564	0.358	0.079	0.644	0.079	0.432	0.445	0.451	0.451	0.453	0.458	0.460	0.479	0.471	0.079	0.078	0.079	0.108	0.083	0.109	0.099	0.088	0.674	0.116	0.112	0.098	0.080	0.079	0.079
26:20:00	30.0	0.546	0.635	0.550	0.672	0.646	0.552	0.562	0.508	0.549	0.253	0.179	0.113	0.318	0.324	0.338	0.315	0.309	0.318	0.317	0.335	0.311	0.191	0.172	0.172	0.358	0.392	0.292	0.405	0.295	0.398	0.294	0.410	0.374	0.219	0.117	0.307	0.645	0.677	0.672	0.705	0.673	0.665	0.708	0.682	0.674	0.079	0.086	0.080	0.367	0.379	0.370	0.372	0.337	0.359	0.339	0.339	0.327	0.079	0.759	0.080	0.490	0.177	0.338	0.388	0.366	0.409	0.418	0.565	0.367	0.079	0.722	0.079	0.431	0.447	0.451	0.452	0.452	0.458	0.462	0.481	0.470	0.079	0.078	0.079	0.110	0.082	0.109	0.099	0.083	0.668	0.116	0.203	0.098	0.080	0.079	0.079
26:40:00	29.9	0.547	0.627	0.549	0.675	0.646	0.552	0.551	0.515	0.535	0.280	0.174	0.104	0.316	0.327	0.334	0.315	0.309	0.320	0.318	0.327	0.309	0.196	0.171	0.171	0.357	0.396	0.291	0.407	0.295	0.396	0.293	0.383	0.378	0.224	0.114	0.303	0.639	0.680	0.681	0.670	0.671	0.662	0.710	0.678	0.668	0.079	0.089	0.080	0.366	0.386	0.370	0.369	0.336	0.358	0.337	0.339	0.326	0.079	0.560	0.080	0.488	0.175	0.341	0.437	0.328	0.392	0.353	0.574	0.374	0.081	0.568	0.079	0.431	0.446	0.451	0.450	0.450	0.458	0.461	0.477	0.473	0.079	0.078	0.079	0.108	0.082	0.108	0.100	0.143	0.656	0.116	0.091	0.099	0.080	0.079	0.079
27:00:00	29.9	0.545	0.582	0.518	0.679	0.608	0.584	0.550	0.514	0.536	0.274	0.172	0.102	0.326	0.321	0.325	0.315	0.307	0.326	0.316	0.329	0.311	0.190	0.183	0.172	0.353	0.383	0.290	0.452	0.294	0.395	0.293	0.342	0.382	0.223	0.118	0.295	0.639	0.670	0.674	0.687	0.680	0.671	0.682	0.674	0.667	0.079	0.085	0.080	0.368	0.376	0.367	0.372	0.335	0.356	0.339	0.340	0.326	0.079	0.477	0.080	0.486	0.170	0.348	0.451	0.304	0.384	0.445	0.571	0.374	0.083	0.639	0.079	0.431	0.449	0.451	0.452	0.449	0.458	0.461	0.466	0.464	0.079	0.078	0.079	0.108	0.082	0.109	0.101	0.091	0.647	0.117	0.262	0.100	0.080	0.079	0.079
27:20:00	29.9	0.551	0.648	0.533	0.684	0.586	0.568	0.556	0.515	0.533	0.274	0.176	0.099	0.315	0.324	0.333	0.311	0.306	0.318	0.317	0.329	0.311	0.199	0.173	0.172	0.354	0.383	0.290	0.455	0.294	0.394	0.292	0.276	0.401	0.223	0.111	0.306	0.633	0.676	0.666	0.673	0.684	0.658	0.674	0.670	0.662	0.080	0.083	0.080	0.366	0.376	0.368	0.367	0.335	0.357	0.337	0.341	0.325	0.079	0.444	0.080	0.484	0.168	0.351	0.482	0.335	0.390	0.457	0.582	0.377	0.079	0.678	0.080	0.430	0.449	0.454	0.451	0.449	0.459	0.460	0.475	0.466	0.079	0.079	0.079	0.109	0.171	0.109	0.101	0.099	0.638	0.118	0.092	0.102	0.080	0.079	0.079
27:40:00	30.0	0.556	0.639	0.552	0.675	0.589	0.563	0.559	0.530	0.537	0.274	0.175	0.104	0.329	0.328	0.330	0.313	0.308	0.318	0.319	0.330	0.311	0.198	0.184	0.172	0.351	0.388	0.288	0.462	0.293	0.393	0.292	0.369	0.419	0.222	0.116	0.308	0.629	0.661	0.668	0.662	0.663	0.684	0.684	0.668	0.659	0.079	0.096	0.080	0.362	0.376	0.367	0.369	0.335	0.355	0.335	0.342	0.324	0.079	0.421	0.080	0.482	0.175	0.355	0.380	0.367	0.366	0.486	0.587	0.386	0.079	0.724	0.079	0.431	0.448	0.451	0.452	0.449	0.459	0.460	0.477	0.467	0.079	0.078	0.079	0.109	0.088	0.109	0.101	0.085	0.627	0.118	0.094	0.102	0.080	0.079	0.079
28:00:00	30.0	0.554	0.587	0.508	0.677	0.571	0.558	0.561	0.511	0.546	0.286	0.185	0.099	0.316	0.321	0.320	0.310	0.307	0.316	0.315	0.332	0.312	0.201	0.183	0.171	0.347	0.360	0.286	0.435	0.294	0.390	0.292	0.279	0.422	0.218	0.116	0.291	0.631	0.663	0.683	0.668	0.661	0.663	0.666	0.667	0.659	0.080	0.099	0.080	0.360	0.375	0.363	0.366	0.334	0.357	0.339	0.342	0.325	0.079	0.526	0.080	0.482	0.176	0.363	0.382	0.558	0.342	0.501	0.588	0.384	0.079	0.533	0.080	0.439	0.458	0.457	0.457	0.450	0.461	0.460	0.482	0.461	0.079	0.079	0.079	0.111	0.116	0.111	0.102	0.124	0.620	0.119	0.099	0.104	0.080	0.079	0.079
28:20:00	29.9	0.555	0.583	0.503	0.672	0.565	0.600	0.560	0.521	0.542	0.289	0.181	0.100	0.322	0.320	0.319	0.310	0.311	0.315	0.314	0.333	0.311	0.193	0.177	0.171	0.346	0.372	0.272	0.426	0.293	0.390	0.291	0.319	0.426	0.220	0.119	0.288	0.629	0.660	0.661	0.660	0.668	0.651	0.698	0.664	0.654	0.079	0.095	0.080	0.367	0.373	0.363	0.365	0.334	0.356	0.338	0.345	0.324	0.079	0.546	0.080	0.481	0.179	0.369	0.425	0.330	0.337	0.531	0.587	0.383	0.079	0.617	0.079	0.437	0.458	0.457	0.456	0.451	0.461	0.460	0.477	0.461	0.079	0.078	0.079	0.107	0.083	0.111	0.102	0.154	0.607	0.119	0.163	0.105	0.080	0.079	0.079
28:40:00	30.0	0.557	0.595	0.502	0.690	0.579	0.562	0.565	0.519	0.642	0.254	0.174	0.116	0.314	0.320	0.319	0.315	0.307	0.314	0.315	0.335	0.312	0.193	0.173	0.171	0.345	0.373	0.270	0.422	0.293	0.390	0.291	0.283	0.432	0.220	0.115	0.300	0.629	0.676	0.669	0.656	0.657	0.648	0.695	0.666	0.650	0.080	0.095	0.080	0.361	0.373	0.363	0.365	0.334	0.356	0.336	0.344	0.324	0.079	0.564	0.080	0.480	0.179	0.373	0.403	0.362	0.381	0.553	0.582	0.455	0.079	0.568	0.080	0.438	0.458	0.458	0.457	0.452	0.462	0.460	0.476	0.461	0.079	0.079	0.079	0.110	0.229	0.111	0.102	0.085	0.595	0.120	0.218	0.107	0.080	0.079	0.079
29:00:00	29.9	0.560	0.659	0.520	0.689	0.578	0.559	0.558	0.520	0.627	0.291	0.173	0.097	0.312	0.327	0.321	0.314	0.311	0.322	0.319	0.330	0.310	0.209	0.184	0.172	0.346	0.405	0.270	0.452	0.292	0.391	0.291	0.339	0.436	0.210	0.113	0.302	0.621	0.655	0.660	0.657	0.655	0.665	0.660	0.660	0.654	0.080	0.102	0.080	0.359	0.377	0.363	0.363	0.335	0.355	0.333	0.344	0.324	0.079	0.551	0.080	0.478	0.183	0.375	0.416	0.330	0.333	0.493	0.576	0.463	0.079	0.596	0.080	0.433	0.456	0.454	0.453	0.452	0.461	0.462	0.479	0.471	0.079	0.079	0.079	0.107	0.083	0.110	0.102	0.085	0.582	0.121	0.291	0.109	0.080	0.079	0.079
29:20:00	30.0	0.556	0.625	0.511	0.687	0.585	0.562	0.566	0.524	0.540	0.261	0.177	0.096	0.312	0.323	0.320	0.316	0.309	0.318	0.312	0.331	0.309	0.202	0.197	0.172	0.342	0.388	0.271	0.435	0.292	0.390	0.291	0.289	0.437	0.217	0.126	0.310	0.621	0.654	0.659	0.668	0.654	0.655	0.666	0.657	0.652	0.080	0.110	0.080	0.360	0.370	0.363	0.365	0.335	0.355	0.337	0.344	0.323	0.079	0.547	0.080	0.477	0.182	0.379	0.469	0.328	0.347	0.570	0.572	0.465	0.079	0.636	0.080	0.436	0.457	0.459	0.458	0.453	0.465	0.460	0.475	0.468	0.079	0.079	0.079	0.103	0.086	0.111	0.105	0.085	0.573	0.122	0.169	0.111	0.080	0.079	0.079
29:40:00	29.9	0.556	0.667	0.517	0.658	0.660	0.565	0.562	0.541	0.622	0.277	0.178	0.095	0.316	0.326	0.321	0.312	0.309	0.318	0.314	0.330	0.307	0.210	0.169	0.173	0.332	0.405	0.267	0.437	0.292	0.383	0.311	0.768	0.443	0.218	0.127	0.306	0.616	0.657	0.658	0.649	0.648	0.641	0.650	0.654	0.646	0.080	0.125	0.080	0.357	0.369	0.362	0.363	0.336	0.354	0.335	0.343	0.323	0.079	0.534	0.080	0.475	0.188	0.382	0.410	0.349	0.568	0.549	0.565	0.467	0.079	0.565	0.080	0.435	0.454	0.457	0.457	0.453	0.463	0.463	0.477	0.469	0.079	0.079	0.079	0.107	0.083	0.111	0.105	0.086	0.560	0.124	0.210	0.113	0.080	0.079	0.079
30:00:00	30.0	0.558	0.662	0.530	0.694	0.597	0.567	0.559	0.522	0.612	0.287	0.174	0.095	0.311	0.327	0.326	0.317	0.311	0.319	0.315	0.328	0.309	0.203	0.182	0.173	0.292	0.413	0.270	0.445	0.306	0.382	0.294	0.282	0.442	0.211	0.126	0.308	0.615	0.655	0.652	0.651	0.651	0.654	0.664	0.652	0.649	0.080	0.139	0.080	0.357	0.368	0.362	0.365	0.337	0.354	0.335	0.344	0.323	0.079	0.522	0.080	0.474	0.199	0.398	0.392	0.331	0.365	0.512	0.559	0.475	0.080	0.536	0.080	0.435	0.455	0.458	0.458	0.452	0.463	0.463	0.475	0.472	0.079	0.079	0.079	0.105	0.083	0.112	0.105	0.086	0.551	0.125	0.107	0.115	0.080	0.079	0.079
30:20:00	29.9	0.555	0.680	0.521	0.691	0.679	0.568	0.563	0.521	0.603	0.262	0.175	0.094	0.311	0.328	0.326	0.313	0.421	0.319	0.314	0.328	0.309	0.199	0.161	0.173	0.404	0.401	0.263	0.432	0.292	0.381	0.293	0.275	0.342	0.216	0.132	0.299	0.613	0.646	0.655	0.657	0.645	0.635	0.648	0.649	0.644	0.080	0.162	0.080	0.354	0.368	0.361	0.366	0.336	0.353	0.335	0.342	0.323	0.079	0.484	0.080	0.473	0.199	0.668	0.397	0.290	0.344	0.579	0.550	0.484	0.080	0.525	0.080	0.437	0.456	0.459	0.459	0.452	0.465	0.461	0.474	0.472	0.079	0.079	0.079	0.103	0.083	0.113	0.104	0.089	0.538	0.125	0.121	0.117	0.080	0.079	0.079
30:40:00	29.9	0.558	0.586	0.566	0.685	0.574	0.559	0.559	0.525	0.577	0.255	0.186	0.098	0.309	0.329	0.319	0.314	0.316	0.317	0.312	0.325	0.307	0.202	0.155	0.175	0.279	0.430	0.572	0.457	0.291	0.380	0.297	0.329	0.348	0.213	0.135	0.313	0.611	0.662	0.646	0.649	0.640	0.668	0.663	0.645	0.639	0.080	0.188	0.080	0.352	0.365	0.361	0.368	0.336	0.352	0.332	0.341	0.322	0.079	0.444	0.080	0.470	0.216	0.604	0.385	0.340	0.306	0.437	0.542	0.582	0.079	0.667	0.080	0.434	0.459	0.456	0.456	0.452	0.460	0.458	0.466	0.465	0.079	0.079	0.079	0.103	0.083	0.113	0.085	0.087	0.535	0.127	0.197	0.120	0.080	0.079	0.079
31:00:00	30.0	0.556	0.684	0.541	0.683	0.646	0.579	0.565	0.522	0.544	0.276	0.183	0.095	0.328	0.327	0.325	0.313	0.310	0.318	0.314	0.325	0.308	0.197	0.155	0.176	0.272	0.413	0.325	0.438	0.286	0.379	0.290	0.286	0.308	0.210	0.143	0.311	0.606	0.641	0.640	0.668	0.638	0.629	0.647	0.643	0.639	0.080	0.232	0.080	0.352	0.365	0.361	0.359	0.337	0.352	0.334	0.341	0.322	0.079	0.416	0.080	0.468	0.204	0.202	0.382	0.322	0.325	0.545	0.531	0.628	0.080	0.604	0.079	0.438	0.453	0.458	0.457	0.453	0.464	0.461	0.474	0.468	0.079	0.079	0.079	0.104	0.112	0.113	0.085	0.087	0.523	0.128	0.116	0.123	0.080	0.079	0.079
31:20:00	30.0	0.558	0.661	0.532	0.687	0.655	0.558	0.572	0.522	0.532	0.256	0.182	0.098	0.307	0.325	0.321	0.310	0.309	0.316	0.312	0.326	0.308	0.203	0.157	0.176	0.272	0.293	0.450	0.430	0.285	0.379	0.290	0.276	0.611	0.213	0.147	0.307	0.605	0.639	0.661	0.651	0.636	0.633	0.674	0.644	0.633	0.079	0.256	0.080	0.352	0.364	0.359	0.358	0.337	0.352	0.334	0.341	0.322	0.079	0.397	0.080	0.467	0.214	0.301	0.460	0.335	0.630	0.587	0.519	0.610	0.080	0.520	0.080	0.438	0.460	0.461	0.460	0.455	0.466	0.463	0.474	0.468	0.079	0.078	0.079	0.105	0.084	0.114	0.085	0.090	0.517	0.130	0.155	0.126	0.080	0.079	0.079
31:40:00	30.0	0.552	0.659	0.531	0.698	0.702	0.590	0.559	0.519	0.536	0.258	0.177	0.104	0.310	0.324	0.326	0.309	0.305	0.322	0.312	0.325	0.308	0.198	0.170	0.176	0.273	0.343	0.270	0.427	0.284	0.379	0.290	0.277	0.604	0.216	0.148	0.315	0.605	0.654	0.655	0.657	0.637	0.636	0.648	0.640	0.629	0.079	0.299	0.080	0.354	0.364	0.359	0.358	0.338	0.351	0.334	0.341	0.323	0.079	0.369	0.080	0.466	0.222	0.328	0.402	0.395	0.320	0.611	0.507	0.595	0.080	0.665	0.079	0.439	0.454	0.458	0.460	0.454	0.464	0.462	0.471	0.470	0.079	0.078	0.079	0.101	0.136	0.116	0.088	0.126	0.510	0.132	0.147	0.129	0.080	0.079	0.079
32:00:00	29.9	0.555	0.630	0.559	0.645	0.681	0.561	0.556	0.518	0.630	0.248	0.175	0.096	0.304	0.330	0.319	0.311	0.310	0.328	0.309	0.322	0.307	0.199	0.172	0.178	0.303	0.278	0.367	0.449	0.284	0.380	0.293	0.430	0.591	0.209	0.149	0.309	0.602	0.628	0.634	0.682	0.631	0.623	0.653	0.638	0.631	0.080	0.333	0.080	0.349	0.362	0.359	0.357	0.338	0.350	0.330	0.340	0.322	0.079	0.362	0.080	0.463	0.220	0.352	0.352	0.324	0.326	0.470	0.497	0.609	0.080	0.634	0.080	0.435	0.458	0.459	0.458	0.454	0.463	0.460	0.467	0.466	0.079	0.079	0.079	0.098	0.109	0.115	0.087	0.090	0.502	0.134	0.128	0.133	0.080	0.079	0.079
32:20:00	29.9	0.555	0.610	0.577	0.667	0.604	0.594	0.558	0.516	0.531	0.268	0.188	0.099	0.304	0.327	0.314	0.311	0.308	0.316	0.307	0.322	0.304	0.207	0.171	0.179	0.388	0.280	0.271	0.455	0.289	0.379	0.295	0.543	0.560	0.206	0.150	0.301	0.602	0.639	0.633	0.630	0.632	0.654	0.641	0.632	0.627	0.080	0.371	0.080	0.348	0.362	0.360	0.355	0.339	0.349	0.329	0.338	0.321	0.079	0.349	0.080	0.462	0.223	0.304	0.345	0.294	0.314	0.444	0.477	0.602	0.084	0.422	0.080	0.436	0.456	0.457	0.461	0.455	0.462	0.458	0.467	0.467	0.079	0.079	0.079	0.098	0.093	0.115	0.234	0.123	0.497	0.136	0.132	0.137	0.080	0.079	0.079
32:40:00	29.9	0.553	0.649	0.609	0.705	0.586	0.557	0.565	0.517	0.573	0.277	0.177	0.098	0.333	0.324	0.313	0.309	0.308	0.315	0.308	0.321	0.304	0.197	0.172	0.180	0.526	0.412	0.276	0.449	0.285	0.377	0.292	0.415	0.438	0.214	0.149	0.312	0.597	0.628	0.632	0.628	0.627	0.683	0.638	0.630	0.616	0.080	0.429	0.080	0.347	0.361	0.357	0.353	0.340	0.347	0.328	0.339	0.321	0.079	0.348	0.080	0.462	0.228	0.348	0.335	0.344	0.306	0.473	0.469	0.600	0.082	0.716	0.080	0.435	0.452	0.457	0.456	0.453	0.463	0.460	0.474	0.465	0.079	0.078	0.079	0.098	0.178	0.117	0.089	0.092	0.495	0.139	0.138	0.141	0.080	0.079	0.079
33:00:00	29.9	0.557	0.658	0.543	0.661	0.735	0.584	0.561	0.519	0.556	0.292	0.175	0.097	0.304	0.325	0.321	0.313	0.308	0.317	0.311	0.330	0.305	0.203	0.173	0.180	0.273	0.483	0.272	0.438	0.286	0.376	0.293	0.450	0.424	0.217	0.150	0.314	0.592	0.623	0.633	0.662	0.628	0.667	0.632	0.631	0.626	0.080	0.502	0.080	0.350	0.359	0.358	0.355	0.340	0.349	0.329	0.340	0.321	0.079	0.313	0.080	0.461	0.227	0.351	0.368	0.327	0.312	0.581	0.454	0.594	0.084	0.735	0.080	0.438	0.457	0.459	0.459	0.455	0.466	0.462	0.472	0.469	0.079	0.079	0.079	0.100	0.104	0.118	0.173	0.093	0.490	0.141	0.147	0.146	0.080	0.079	0.079
33:20:00	30.0	0.554	0.665	0.535	0.681	0.699	0.558	0.561	0.520	0.534	0.273	0.181	0.096	0.305	0.324	0.319	0.309	0.308	0.319	0.313	0.322	0.305	0.200	0.180	0.180	0.453	0.469	0.272	0.430	0.286	0.376	0.306	0.281	0.564	0.218	0.150	0.307	0.594	0.626	0.649	0.635	0.623	0.620	0.627	0.628	0.621	0.080	0.515	0.080	0.346	0.360	0.357	0.354	0.345	0.348	0.331	0.340	0.321	0.079	0.309	0.080	0.461	0.229	0.354	0.365	0.371	0.345	0.661	0.442	0.569	0.081	0.762	0.080	0.441	0.459	0.461	0.463	0.457	0.466	0.463	0.471	0.470	0.079	0.079	0.079	0.104	0.308	0.120	0.088	0.094	0.489	0.144	0.152	0.150	0.080	0.079	0.079
33:40:00	30.0	0.551	0.680	0.524	0.640	0.729	0.559	0.562	0.517	0.533	0.266	0.183	0.097	0.305	0.340	0.319	0.311	0.309	0.339	0.313	0.322	0.306	0.203	0.180	0.182	0.439	0.279	0.318	0.442	0.286	0.376	0.305	0.338	0.570	0.217	0.151	0.316	0.589	0.621	0.623	0.637	0.634	0.612	0.648	0.626	0.623	0.080	0.307	0.080	0.349	0.360	0.357	0.356	0.342	0.348	0.329	0.342	0.321	0.079	0.315	0.080	0.460	0.226	0.367	0.390	0.312	0.320	0.605	0.430	0.587	0.080	0.656	0.080	0.441	0.460	0.464	0.470	0.458	0.468	0.465	0.470	0.472	0.079	0.079	0.079	0.101	0.218	0.121	0.089	0.099	0.490	0.148	0.157	0.156	0.080	0.079	0.079
34:00:00	29.9	0.550	0.658	0.522	0.660	0.710	0.558	0.561	0.519	0.530	0.271	0.181	0.096	0.305	0.322	0.317	0.308	0.307	0.333	0.313	0.321	0.304	0.182	0.174	0.181	0.311	0.317	0.277	0.429	0.289	0.376	0.296	0.283	0.417	0.219	0.152	0.306	0.590	0.621	0.626	0.639	0.623	0.614	0.661	0.623	0.621	0.080	0.426	0.080	0.345	0.359	0.356	0.354	0.344	0.347	0.331	0.341	0.322	0.079	0.293	0.080	0.459	0.229	0.383	0.319	0.410	0.490	0.665	0.414	0.579	0.080	0.665	0.080	0.441	0.461	0.462	0.466	0.459	0.468	0.462	0.470	0.472	0.079	0.079	0.079	0.102	0.085	0.123	0.093	0.097	0.482	0.152	0.165	0.162	0.080	0.079	0.079
34:20:00	30.0	0.554	0.670	0.522	0.641	0.672	0.568	0.574	0.516	0.528	0.266	0.184	0.096	0.305	0.323	0.318	0.309	0.308	0.332	0.316	0.324	0.306	0.203	0.173	0.182	0.279	0.392	0.274	0.429	0.285	0.375	0.296	0.285	0.408	0.216	0.151	0.303	0.588	0.624	0.620	0.620	0.617	0.612	0.631	0.624	0.614	0.080	0.251	0.080	0.345	0.358	0.356	0.356	0.346	0.349	0.329	0.341	0.321	0.079	0.282	0.080	0.458	0.236	0.397	0.390	0.394	0.398	0.684	0.401	0.572	0.084	0.744	0.080	0.445	0.462	0.463	0.469	0.456	0.469	0.460	0.469	0.471	0.079	0.079	0.079	0.106	0.185	0.124	0.090	0.099	0.480	0.155	0.172	0.169	0.080	0.079	0.079
34:40:00	30.0	0.553	0.675	0.524	0.640	0.687	0.557	0.560	0.515	0.668	0.239	0.197	0.096	0.305	0.323	0.318	0.327	0.306	0.326	0.315	0.329	0.304	0.204	0.169	0.183	0.280	0.532	0.515	0.431	0.284	0.374	0.296	0.283	0.401	0.218	0.153	0.306	0.586	0.616	0.621	0.654	0.614	0.607	0.634	0.617	0.610	0.080	0.426	0.080	0.347	0.358	0.355	0.353	0.346	0.349	0.330	0.338	0.322	0.079	0.292	0.080	0.457	0.249	0.410	0.345	0.377	0.343	0.688	0.383	0.580	0.084	0.669	0.080	0.446	0.462	0.466	0.484	0.463	0.472	0.461	0.471	0.473	0.079	0.079	0.079	0.108	0.242	0.125	0.131	0.101	0.477	0.160	0.182	0.176	0.080	0.079	0.079
35:00:00	29.9	0.554	0.661	0.514	0.632	0.660	0.558	0.550	0.516	0.646	0.276	0.188	0.096	0.304	0.322	0.317	0.311	0.305	0.323	0.311	0.322	0.304	0.194	0.173	0.184	0.329	0.406	0.292	0.422	0.286	0.375	0.297	0.548	0.440	0.220	0.151	0.312	0.584	0.613	0.616	0.612	0.613	0.635	0.626	0.619	0.603	0.080	0.867	0.080	0.353	0.358	0.355	0.352	0.347	0.345	0.329	0.340	0.321	0.079	0.289	0.080	0.456	0.239	0.400	0.351	0.427	0.314	0.710	0.372	0.547	0.084	0.692	0.080	0.440	0.468	0.463	0.468	0.461	0.471	0.461	0.469	0.471	0.079	0.079	0.079	0.110	0.111	0.127	0.126	0.103	0.478	0.164	0.190	0.184	0.080	0.079	0.079
35:20:00	29.9	0.554	0.675	0.521	0.648	0.676	0.558	0.608	0.519	0.537	0.290	0.189	0.100	0.306	0.323	0.316	0.308	0.353	0.313	0.315	0.320	0.303	0.219	0.175	0.183	0.276	0.290	0.288	0.430	0.287	0.374	0.297	0.307	0.396	0.219	0.154	0.307	0.580	0.608	0.650	0.628	0.617	0.609	0.620	0.615	0.607	0.079	0.262	0.080	0.346	0.357	0.354	0.351	0.349	0.349	0.328	0.338	0.321	0.079	0.266	0.080	0.456	0.249	0.385	0.342	0.511	0.394	0.714	0.365	0.560	0.079	0.604	0.079	0.446	0.458	0.465	0.471	0.457	0.471	0.461	0.470	0.470	0.079	0.078	0.079	0.111	0.110	0.129	0.093	0.105	0.475	0.166	0.199	0.191	0.080	0.079	0.079
35:40:00	29.9	0.557	0.667	0.520	0.626	0.555	0.556	0.552	0.516	0.527	0.281	0.183	0.105	0.304	0.344	0.317	0.308	0.306	0.312	0.312	0.323	0.305	0.198	0.192	0.183	0.580	0.286	0.277	0.428	0.287	0.385	0.297	0.286	0.409	0.221	0.150	0.308	0.580	0.612	0.616	0.609	0.609	0.608	0.621	0.611	0.603	0.080	0.267	0.080	0.345	0.356	0.354	0.351	0.351	0.345	0.329	0.340	0.320	0.079	0.266	0.080	0.454	0.251	0.395	0.294	0.508	0.325	0.724	0.351	0.552	0.080	0.390	0.080	0.444	0.469	0.466	0.469	0.457	0.472	0.461	0.468	0.469	0.079	0.079	0.079	0.110	0.247	0.131	0.094	0.108	0.475	0.170	0.210	0.201	0.080	0.079	0.079
36:00:00	30.0	0.555	0.659	0.536	0.600	0.698	0.559	0.552	0.516	0.530	0.300	0.179	0.110	0.305	0.323	0.318	0.310	0.305	0.317	0.311	0.319	0.303	0.235	0.184	0.185	0.278	0.492	0.278	0.426	0.288	0.388	0.299	0.595	0.558	0.221	0.147	0.311	0.576	0.612	0.619	0.661	0.608	0.596	0.622	0.611	0.603	0.080	0.268	0.080	0.343	0.355	0.355	0.353	0.354	0.345	0.327	0.338	0.320	0.079	0.279	0.080	0.452	0.250	0.695	0.356	0.300	0.333	0.722	0.337	0.585	0.081	0.530	0.080	0.441	0.462	0.463	0.467	0.456	0.470	0.465	0.472	0.475	0.079	0.079	0.079	0.107	0.204	0.135	0.095	0.111	0.473	0.175	0.221	0.205	0.080	0.079	0.079
36:20:00	29.9	0.552	0.641	0.570	0.614	0.617	0.591	0.551	0.516	0.533	0.315	0.185	0.097	0.303	0.324	0.315	0.307	0.305	0.311	0.312	0.322	0.301	0.221	0.176	0.184	0.381	0.554	0.407	0.442	0.290	0.396	0.300	0.290	0.486	0.221	0.155	0.311	0.573	0.617	0.606	0.605	0.603	0.595	0.630	0.609	0.603	0.080	0.306	0.080	0.343	0.356	0.356	0.352	0.356	0.345	0.322	0.338	0.320	0.079	0.274	0.080	0.452	0.259	0.324	0.339	0.301	0.327	0.613	0.327	0.616	0.080	0.511	0.080	0.439	0.467	0.464	0.470	0.457	0.470	0.462	0.470	0.467	0.079	0.079	0.079	0.103	0.089	0.137	0.097	0.134	0.477	0.180	0.238	0.207	0.080	0.079	0.079
36:40:00	30.0	0.552	0.675	0.531	0.543	0.695	0.624	0.583	0.519	0.531	0.286	0.183	0.097	0.311	0.324	0.317	0.305	0.310	0.315	0.310	0.319	0.307	0.222	0.197	0.186	0.323	0.316	0.290	0.424	0.287	0.417	0.301	0.302	0.497	0.217	0.152	0.310	0.569	0.601	0.605	0.623	0.626	0.601	0.601	0.604	0.599	0.080	0.399	0.080	0.342	0.355	0.354	0.352	0.358	0.344	0.327	0.341	0.320	0.079	0.264	0.080	0.451	0.265	0.191	0.358	0.282	0.441	0.718	0.321	0.595	0.083	0.593	0.080	0.445	0.466	0.465	0.467	0.461	0.472	0.462	0.473	0.475	0.079	0.079	0.079	0.105	0.133	0.139	0.099	0.116	0.472	0.185	0.247	0.211	0.080	0.079	0.079
37:00:00	30.0	0.559	0.675	0.549	0.646	0.693	0.558	0.560	0.518	0.555	0.284	0.187	0.098	0.317	0.324	0.318	0.306	0.305	0.313	0.309	0.318	0.304	0.216	0.181	0.185	0.280	0.454	0.487	0.434	0.288	0.464	0.303	0.290	0.467	0.220	0.155	0.313	0.573	0.600	0.604	0.619	0.598	0.613	0.611	0.607	0.599	0.080	1.193	0.080	0.343	0.355	0.354	0.352	0.361	0.344	0.324	0.338	0.320	0.079	0.265	0.080	0.450	0.263	0.288	0.291	0.293	0.379	0.684	0.319	0.608	0.082	0.567	0.080	0.441	0.465	0.465	0.467	0.465	0.473	0.464	0.473	0.470	0.079	0.079	0.079	0.103	0.118	0.142	0.100	0.122	0.468	0.189	0.252	0.216	0.080	0.079	0.079
37:20:00	29.9	0.557	0.674	0.548	0.649	0.683	0.558	0.557	0.518	0.564	0.288	0.183	0.099	0.304	0.323	0.317	0.306	0.305	0.311	0.307	0.318	0.303	0.208	0.183	0.185	0.384	0.492	0.281	0.438	0.287	0.469	0.306	0.401	0.472	0.222	0.155	0.312	0.573	0.593	0.603	0.599	0.601	0.587	0.592	0.602	0.595	0.080	1.062	0.080	0.341	0.354	0.354	0.351	0.363	0.344	0.323	0.338	0.319	0.079	0.273	0.080	0.448	0.469	0.390	0.338	0.349	0.375	0.686	0.317	0.614	0.082	0.429	0.079	0.440	0.465	0.463	0.470	0.463	0.473	0.464	0.472	0.473	0.079	0.078	0.079	0.104	0.093	0.145	0.102	0.124	0.467	0.194	0.257	0.219	0.080	0.079	0.079
37:40:00	30.0	0.572	0.669	0.523	0.639	0.643	0.565	0.552	0.522	0.560	0.286	0.187	0.099	0.306	0.324	0.315	0.311	0.304	0.328	0.310	0.318	0.302	0.208	0.178	0.185	0.318	0.287	0.391	0.422	0.288	0.483	0.456	0.344	0.513	0.220	0.154	0.314	0.566	0.595	0.601	0.601	0.596	0.657	0.642	0.604	0.593	0.080	0.431	0.080	0.344	0.354	0.353	0.352	0.365	0.347	0.327	0.338	0.319	0.079	0.244	0.080	0.449	0.251	0.374	0.322	0.456	0.537	0.400	0.312	0.570	0.081	0.560	0.080	0.444	0.468	0.465	0.472	0.466	0.477	0.462	0.471	0.473	0.079	0.078	0.079	0.091	0.092	0.121	0.103	0.158	0.466	0.199	0.266	0.223	0.080	0.079	0.079
38:00:00	30.0	0.555	0.550	0.521	0.639	0.670	0.561	0.626	0.522	0.561	0.285	0.190	0.117	0.321	0.324	0.317	0.315	0.305	0.311	0.310	0.318	0.301	0.222	0.185	0.185	0.283	0.289	0.471	0.421	0.356	0.518	0.305	0.295	0.464	0.224	0.155	0.314	0.565	0.599	0.594	0.599	0.593	0.587	0.602	0.598	0.590	0.079	0.508	0.080	0.344	0.354	0.353	0.349	0.369	0.344	0.328	0.337	0.319	0.079	0.246	0.080	0.447	0.446	0.610	0.373	0.453	0.332	0.383	0.309	0.570	0.079	0.575	0.079	0.444	0.468	0.466	0.472	0.469	0.478	0.463	0.471	0.473	0.079	0.078	0.079	0.090	0.150	0.126	0.112	0.131	0.463	0.205	0.274	0.227	0.080	0.079	0.079
38:20:00	30.0	0.556	0.579	0.520	0.649	0.655	0.569	0.558	0.523	0.535	0.290	0.186	0.099	0.306	0.336	0.315	0.304	0.305	0.311	0.310	0.315	0.300	0.188	0.202	0.185	0.313	0.290	0.480	0.419	0.295	0.529	0.306	0.395	0.485	0.225	0.154	0.313	0.562	0.589	0.597	0.594	0.593	0.611	0.589	0.596	0.589	0.080	0.463	0.080	0.344	0.354	0.353	0.348	0.372	0.344	0.328	0.337	0.319	0.079	0.256	0.080	0.445	0.195	0.241	0.337	0.356	0.334	0.388	0.307	0.571	0.079	0.596	0.080	0.446	0.468	0.465	0.472	0.468	0.478	0.462	0.472	0.473	0.079	0.079	0.079	0.089	0.093	0.129	0.108	0.141	0.462	0.211	0.284	0.231	0.080	0.079	0.079
38:40:00	29.9	0.559	0.662	0.519	0.651	0.693	0.568	0.553	0.524	0.649	0.332	0.191	0.099	0.306	0.320	0.316	0.310	0.305	0.311	0.310	0.315	0.300	0.186	0.203	0.185	0.284	0.372	0.285	0.419	0.401	0.530	0.325	0.413	0.463	0.225	0.154	0.313	0.562	0.589	0.605	0.596	0.588	0.597	0.602	0.589	0.587	0.080	0.506	0.080	0.343	0.353	0.353	0.350	0.376	0.344	0.327	0.337	0.319	0.079	0.255	0.080	0.444	0.204	0.256	0.339	0.367	0.523	0.394	0.303	0.578	0.080	0.628	0.080	0.442	0.471	0.466	0.472	0.470	0.478	0.465	0.473	0.476	0.079	0.079	0.079	0.086	0.095	0.139	0.117	0.144	0.459	0.216	0.295	0.235	0.080	0.079	0.079
39:00:00	29.9	0.554	0.697	0.528	0.654	0.689	0.574	0.572	0.523	0.534	0.311	0.198	0.100	0.328	0.332	0.317	0.305	0.304	0.326	0.310	0.315	0.301	0.185	0.200	0.185	0.363	0.360	0.286	0.425	0.413	0.534	0.306	0.293	0.414	0.224	0.156	0.303	0.555	0.590	0.590	0.599	0.588	0.582	0.574	0.589	0.588	0.080	0.512	0.080	0.340	0.353	0.354	0.352	0.380	0.344	0.326	0.338	0.319	0.079	0.258	0.080	0.442	0.205	0.754	0.365	0.306	0.366	0.383	0.304	0.617	0.081	0.627	0.080	0.443	0.466	0.467	0.471	0.468	0.478	0.465	0.476	0.483	0.079	0.079	0.079	0.084	0.096	0.138	0.113	0.178	0.459	0.218	0.307	0.239	0.080	0.079	0.079
39:20:00	30.0	0.557	0.655	0.536	0.655	0.695	0.635	0.561	0.525	0.536	0.278	0.192	0.101	0.306	0.322	0.315	0.310	0.344	0.310	0.308	0.315	0.301	0.210	0.204	0.195	0.368	0.295	0.393	0.426	0.332	0.533	0.306	0.351	0.421	0.214	0.157	0.303	0.554	0.586	0.588	0.608	0.585	0.601	0.637	0.588	0.587	0.080	0.497	0.080	0.342	0.355	0.354	0.350	0.383	0.344	0.326	0.338	0.319	0.079	0.251	0.080	0.442	0.205	0.531	0.325	0.489	0.393	0.439	0.305	0.624	0.081	0.489	0.080	0.442	0.467	0.467	0.473	0.469	0.477	0.465	0.476	0.482	0.079	0.078	0.079	0.083	0.109	0.143	0.116	0.160	0.457	0.221	0.314	0.244	0.080	0.079	0.079
39:40:00	29.9	0.555	0.673	0.539	0.652	0.649	0.563	0.561	0.524	0.538	0.298	0.199	0.103	0.308	0.321	0.317	0.306	0.310	0.310	0.308	0.315	0.300	0.210	0.205	0.186	0.388	0.293	0.578	0.424	0.369	0.532	0.306	0.296	0.309	0.227	0.156	0.312	0.552	0.583	0.588	0.588	0.583	0.577	0.583	0.586	0.584	0.080	1.118	0.080	0.344	0.355	0.355	0.353	0.386	0.344	0.325	0.338	0.319	0.079	0.251	0.080	0.440	0.202	0.296	0.403	0.310	0.340	0.415	0.303	0.625	0.081	0.571	0.080	0.441	0.468	0.469	0.469	0.470	0.478	0.466	0.478	0.482	0.079	0.079	0.079	0.083	0.100	0.149	0.120	0.163	0.455	0.223	0.325	0.239	0.080	0.079	0.079
40:00:00	29.9	0.556	0.683	0.532	0.659	0.704	0.563	0.580	0.527	0.651	0.288	0.200	0.116	0.305	0.319	0.314	0.303	0.304	0.309	0.307	0.316	0.300	0.195	0.204	0.185	0.288	0.334	0.289	0.436	0.302	0.532	0.306	0.295	0.624	0.214	0.157	0.316	0.551	0.583	0.584	0.606	0.580	0.580	0.562	0.581	0.581	0.080	1.034	0.080	0.341	0.354	0.353	0.348	0.389	0.343	0.327	0.338	0.319	0.079	0.248	0.080	0.441	0.200	0.375	0.344	0.367	0.359	0.385	0.307	0.636	0.081	0.486	0.080	0.442	0.467	0.469	0.470	0.468	0.478	0.468	0.479	0.486	0.079	0.079	0.079	0.083	0.102	0.157	0.123	0.183	0.449	0.225	0.336	0.247	0.080	0.079	0.079
40:20:00	30.0	0.556	0.556	0.530	0.666	0.671	0.570	0.565	0.527	0.550	0.289	0.199	0.100	0.305	0.318	0.316	0.322	0.386	0.310	0.312	0.316	0.301	0.178	0.207	0.183	0.288	0.494	0.334	0.421	0.382	0.531	0.307	0.508	0.395	0.228	0.157	0.323	0.547	0.582	0.575	0.609	0.583	0.572	0.577	0.577	0.582	0.080	0.984	0.080	0.342	0.355	0.353	0.349	0.392	0.344	0.327	0.339	0.319	0.079	0.231	0.080	0.438	0.195	0.434	0.408	0.295	0.480	0.416	0.308	0.623	0.080	0.639	0.080	0.445	0.464	0.470	0.471	0.472	0.481	0.469	0.479	0.485	0.079	0.079	0.079	0.083	0.104	0.161	0.126	0.176	0.447	0.227	0.351	0.252	0.080	0.079	0.079
40:40:00	30.0	0.561	0.660	0.511	0.660	0.594	0.570	0.558	0.530	0.596	0.292	0.191	0.106	0.310	0.320	0.313	0.303	0.306	0.311	0.314	0.315	0.302	0.182	0.207	0.190	0.489	0.296	0.289	0.414	0.360	0.529	0.306	0.296	0.356	0.228	0.160	0.318	0.549	0.582	0.585	0.582	0.578	0.567	0.583	0.578	0.578	0.080	1.013	0.080	0.348	0.353	0.353	0.348	0.396	0.343	0.328	0.337	0.319	0.079	0.232	0.080	0.437	0.200	0.374	0.346	0.485	0.360	0.414	0.306	0.613	0.084	0.464	0.080	0.446	0.469	0.472	0.473	0.473	0.478	0.469	0.477	0.481	0.079	0.079	0.079	0.083	0.106	0.168	0.129	0.187	0.443	0.230	0.364	0.257	0.080	0.079	0.079
41:00:00	30.0	0.583	0.556	0.510	0.662	0.672	0.568	0.563	0.531	0.540	0.287	0.187	0.117	0.307	0.322	0.314	0.305	0.306	0.310	0.328	0.314	0.299	0.180	0.209	0.183	0.363	0.331	0.398	0.412	0.455	0.529	0.306	0.298	0.353	0.226	0.157	0.319	0.546	0.577	0.578	0.579	0.574	0.565	0.570	0.573	0.576	0.080	0.862	0.080	0.342	0.353	0.353	0.349	0.400	0.343	0.327	0.338	0.319	0.079	0.224	0.080	0.436	0.189	0.648	0.343	0.501	0.611	0.417	0.305	0.596	0.080	0.600	0.080	0.445	0.469	0.473	0.476	0.470	0.483	0.470	0.479	0.485	0.079	0.079	0.079	0.083	0.109	0.175	0.133	0.192	0.440	0.233	0.372	0.262	0.080	0.079	0.079
41:20:00	29.9	0.565	0.652	0.506	0.658	0.580	0.570	0.562	0.532	0.591	0.282	0.194	0.098	0.311	0.367	0.315	0.304	0.305	0.323	0.320	0.313	0.298	0.182	0.214	0.182	0.290	0.343	0.362	0.421	0.515	0.527	0.306	0.297	0.364	0.234	0.157	0.321	0.544	0.572	0.570	0.577	0.570	0.562	0.567	0.570	0.573	0.080	0.912	0.080	0.343	0.352	0.352	0.348	0.402	0.343	0.326	0.336	0.319	0.079	0.221	0.080	0.434	0.187	0.223	0.327	0.313	0.359	0.393	0.310	0.575	0.080	0.646	0.080	0.443	0.467	0.474	0.473	0.471	0.480	0.466	0.478	0.485	0.079	0.079	0.079	0.083	0.111	0.183	0.159	0.200	0.438	0.234	0.378	0.264	0.080	0.079	0.079
41:40:00	29.9	0.558	0.558	0.515	0.657	0.723	0.569	0.564	0.533	0.552	0.282	0.201	0.100	0.307	0.319	0.316	0.305	0.305	0.309	0.309	0.312	0.299	0.183	0.211	0.182	0.422	0.303	0.309	0.599	0.311	0.529	0.308	0.308	0.355	0.235	0.158	0.320	0.541	0.573	0.567	0.584	0.572	0.563	0.546	0.568	0.573	0.080	0.853	0.080	0.341	0.354	0.353	0.348	0.406	0.343	0.328	0.338	0.318	0.079	0.218	0.080	0.435	0.189	0.291	0.365	0.333	0.350	0.408	0.310	0.607	0.083	0.532	0.080	0.448	0.469	0.472	0.471	0.471	0.484	0.468	0.483	0.490	0.079	0.079	0.079	0.083	0.115	0.185	0.140	0.204	0.435	0.238	0.382	0.271	0.080	0.079	0.079
42:00:00	29.9	0.563	0.682	0.517	0.664	0.563	0.573	0.562	0.534	0.571	0.291	0.201	0.102	0.306	0.328	0.316	0.305	0.305	0.311	0.310	0.313	0.295	0.187	0.211	0.188	0.292	0.336	0.292	0.299	0.302	0.528	0.310	0.306	0.359	0.234	0.158	0.319	0.541	0.585	0.569	0.609	0.564	0.560	0.580	0.564	0.568	0.080	0.842	0.080	0.341	0.351	0.351	0.348	0.409	0.342	0.325	0.336	0.318	0.079	0.216	0.080	0.433	0.200	0.284	0.363	0.464	0.523	0.380	0.310	0.582	0.080	0.620	0.080	0.444	0.470	0.474	0.475	0.473	0.485	0.467	0.481	0.487	0.079	0.078	0.079	0.093	0.122	0.187	0.144	0.204	0.434	0.207	0.385	0.273	0.080	0.079	0.079
42:20:00	29.9	0.565	0.563	0.518	0.670	0.595	0.572	0.560	0.535	0.566	0.291	0.212	0.098	0.307	0.356	0.315	0.305	0.306	0.310	0.312	0.313	0.295	0.187	0.217	0.179	0.331	0.314	0.307	0.436	0.322	0.527	0.307	0.375	0.366	0.234	0.158	0.318	0.538	0.570	0.563	0.567	0.573	0.572	0.586	0.556	0.564	0.080	0.792	0.080	0.341	0.351	0.352	0.347	0.411	0.341	0.324	0.335	0.318	0.079	0.214	0.080	0.430	0.190	0.423	0.331	0.304	0.364	0.368	0.312	0.569	0.080	0.553	0.079	0.443	0.470	0.476	0.475	0.477	0.483	0.467	0.480	0.486	0.079	0.078	0.079	0.083	0.154	0.191	0.150	0.207	0.431	0.209	0.393	0.271	0.080	0.079	0.079
42:40:00	30.0	0.567	0.662	0.515	0.672	0.596	0.573	0.566	0.536	0.613	0.293	0.213	0.100	0.308	0.320	0.314	0.305	0.306	0.309	0.309	0.313	0.296	0.192	0.217	0.178	0.305	0.400	0.293	0.387	0.314	0.527	0.307	0.309	0.352	0.234	0.159	0.321	0.536	0.568	0.579	0.566	0.561	0.554	0.539	0.555	0.563	0.080	0.794	0.080	0.345	0.351	0.350	0.348	0.411	0.342	0.326	0.336	0.317	0.079	0.214	0.080	0.431	0.189	0.418	0.352	0.465	0.326	0.375	0.321	0.602	0.080	0.692	0.080	0.444	0.473	0.475	0.474	0.472	0.487	0.471	0.486	0.491	0.079	0.078	0.079	0.083	0.125	0.193	0.162	0.211	0.435	0.211	0.386	0.278	0.080	0.079	0.079
43:00:00	29.9	0.563	0.560	0.578	0.654	0.572	0.579	0.554	0.535	0.538	0.321	0.205	0.100	0.313	0.330	0.312	0.308	0.305	0.324	0.304	0.316	0.294	0.196	0.205	0.179	0.292	0.351	0.386	0.439	0.303	0.527	0.307	0.298	0.442	0.236	0.160	0.321	0.531	0.558	0.552	0.564	0.556	0.550	0.544	0.552	0.564	0.080	0.579	0.080	0.340	0.349	0.351	0.348	0.411	0.341	0.316	0.332	0.315	0.079	0.235	0.080	0.428	0.197	0.766	0.359	0.336	0.307	0.389	0.346	0.681	0.081	0.363	0.080	0.438	0.469	0.477	0.470	0.474	0.484	0.466	0.478	0.489	0.079	0.079	0.079	0.083	0.128	0.196	0.159	0.215	0.438	0.211	0.384	0.277	0.080	0.079	0.079
43:20:00	29.9	0.567	0.565	0.520	0.673	0.589	0.574	0.562	0.539	0.545	0.285	0.202	0.122	0.305	0.379	0.315	0.306	0.314	0.311	0.309	0.315	0.296	0.201	0.214	0.196	0.314	0.301	0.296	0.441	0.469	0.524	0.309	0.306	0.348	0.232	0.162	0.322	0.534	0.564	0.557	0.565	0.557	0.550	0.535	0.551	0.560	0.080	0.496	0.080	0.343	0.352	0.352	0.348	0.412	0.341	0.325	0.335	0.317	0.079	0.212	0.080	0.425	0.194	0.225	0.396	0.399	0.480	0.387	0.348	0.619	0.080	0.553	0.080	0.443	0.474	0.474	0.477	0.477	0.485	0.473	0.488	0.493	0.079	0.079	0.079	0.084	0.137	0.201	0.165	0.221	0.428	0.218	0.387	0.283	0.080	0.079	0.079
43:40:00	29.9	0.562	0.558	0.527	0.675	0.726	0.573	0.564	0.539	0.588	0.322	0.199	0.098	0.308	0.347	0.317	0.304	0.307	0.306	0.307	0.312	0.293	0.216	0.219	0.197	0.437	0.387	0.294	0.573	0.317	0.523	0.306	0.299	0.515	0.233	0.160	0.326	0.529	0.564	0.555	0.563	0.553	0.553	0.531	0.548	0.560	0.080	0.557	0.080	0.342	0.354	0.351	0.347	0.413	0.342	0.326	0.337	0.317	0.079	0.226	0.080	0.425	0.191	0.256	0.314	0.316	0.333	0.443	0.376	0.642	0.081	0.334	0.080	0.446	0.472	0.474	0.472	0.475	0.488	0.475	0.493	0.500	0.079	0.079	0.079	0.084	0.137	0.206	0.171	0.227	0.427	0.219	0.387	0.286	0.080	0.079	0.079
44:00:00	30.0	0.574	0.562	0.531	0.675	0.712	0.624	0.565	0.541	0.545	0.285	0.201	0.113	0.320	0.388	0.316	0.304	0.324	0.307	0.307	0.312	0.292	0.197	0.216	0.194	0.364	0.436	0.425	0.438	0.307	0.524	0.307	0.301	0.317	0.242	0.161	0.323	0.526	0.558	0.556	0.558	0.550	0.546	0.532	0.549	0.557	0.080	0.511	0.080	0.341	0.352	0.353	0.354	0.417	0.342	0.326	0.336	0.317	0.079	0.218	0.080	0.421	0.188	0.553	0.386	0.352	0.526	0.458	0.370	0.645	0.081	0.572	0.080	0.444	0.473	0.475	0.471	0.478	0.489	0.476	0.494	0.503	0.079	0.079	0.079	0.084	0.142	0.219	0.178	0.229	0.428	0.221	0.388	0.290	0.080	0.079	0.079
44:20:00	29.9	0.568	0.560	0.524	0.674	0.655	0.577	0.565	0.543	0.549	0.338	0.204	0.108	0.312	0.364	0.315	0.305	0.360	0.308	0.308	0.312	0.292	0.218	0.220	0.174	0.315	0.436	0.300	0.356	0.307	0.522	0.308	0.554	0.387	0.242	0.161	0.327	0.527	0.559	0.556	0.552	0.548	0.552	0.562	0.543	0.554	0.080	0.447	0.080	0.346	0.352	0.350	0.347	0.433	0.340	0.324	0.334	0.317	0.079	0.206	0.080	0.421	0.192	0.642	0.315	0.297	0.321	0.395	0.402	0.624	0.081	0.527	0.080	0.443	0.477	0.478	0.477	0.483	0.488	0.475	0.491	0.499	0.079	0.079	0.079	0.084	0.146	0.215	0.180	0.235	0.425	0.224	0.388	0.287	0.080	0.079	0.079
44:40:00	30.0	0.570	0.562	0.523	0.579	0.575	0.575	0.564	0.544	0.707	0.277	0.202	0.102	0.309	0.361	0.317	0.306	0.308	0.306	0.307	0.317	0.293	0.199	0.219	0.203	0.305	0.360	0.295	0.600	0.315	0.522	0.307	0.300	0.340	0.246	0.160	0.331	0.524	0.554	0.543	0.582	0.548	0.536	0.572	0.540	0.549	0.080	0.508	0.080	0.340	0.354	0.352	0.347	0.439	0.342	0.326	0.338	0.316	0.079	0.230	0.080	0.418	0.185	0.388	0.366	0.331	0.312	0.412	0.407	0.654	0.081	0.545	0.080	0.445	0.474	0.475	0.476	0.480	0.484	0.478	0.498	0.507	0.079	0.078	0.079	0.084	0.153	0.219	0.180	0.239	0.427	0.225	0.388	0.296	0.080	0.079	0.079
45:00:00	29.9	0.563	0.562	0.540	0.573	0.679	0.576	0.567	0.544	0.548	0.329	0.200	0.108	0.310	0.318	0.316	0.325	0.308	0.310	0.307	0.312	0.292	0.187	0.226	0.172	0.338	0.302	0.304	0.302	0.323	0.521	0.306	0.299	0.338	0.244	0.162	0.329	0.522	0.551	0.548	0.549	0.543	0.538	0.521	0.538	0.552	0.080	0.410	0.080	0.346	0.353	0.351	0.348	0.441	0.342	0.325	0.336	0.315	0.079	0.225	0.080	0.416	0.192	0.617	0.321	0.319	0.361	0.454	0.397	0.671	0.081	0.521	0.080	0.443	0.476	0.478	0.479	0.484	0.489	0.480	0.499	0.509	0.079	0.079	0.079	0.095	0.159	0.222	0.184	0.242	0.432	0.225	0.385	0.295	0.080	0.079	0.079
45:20:00	29.9	0.569	0.641	0.577	0.572	0.579	0.576	0.563	0.544	0.548	0.338	0.208	0.146	0.310	0.336	0.313	0.308	0.309	0.308	0.306	0.319	0.293	0.200	0.212	0.172	0.307	0.324	0.295	0.537	0.303	0.522	0.306	0.306	0.448	0.251	0.160	0.333	0.521	0.547	0.533	0.568	0.539	0.534	0.566	0.536	0.543	0.080	0.519	0.080	0.342	0.351	0.351	0.347	0.443	0.342	0.318	0.335	0.315	0.079	0.227	0.080	0.415	0.189	0.324	0.362	0.314	0.333	0.437	0.393	0.691	0.081	0.527	0.080	0.440	0.477	0.480	0.476	0.480	0.489	0.481	0.496	0.509	0.079	0.079	0.079	0.085	0.184	0.228	0.187	0.250	0.427	0.225	0.382	0.294	0.080	0.079	0.079
45:40:00	29.9	0.583	0.563	0.531	0.580	0.578	0.580	0.568	0.547	0.548	0.294	0.205	0.139	0.322	0.431	0.314	0.306	0.317	0.308	0.308	0.319	0.293	0.197	0.223	0.213	0.332	0.307	0.350	0.469	0.377	0.521	0.307	0.302	0.344	0.254	0.163	0.335	0.519	0.550	0.533	0.543	0.556	0.530	0.520	0.532	0.546	0.080	0.427	0.080	0.342	0.350	0.350	0.345	0.443	0.340	0.324	0.334	0.316	0.079	0.198	0.080	0.414	0.192	0.384	0.353	0.391	0.321	0.429	0.410	0.617	0.081	0.367	0.080	0.443	0.478	0.482	0.480	0.486	0.492	0.481	0.497	0.506	0.079	0.078	0.079	0.093	0.172	0.231	0.190	0.258	0.427	0.228	0.386	0.294	0.080	0.079	0.079
46:00:00	29.9	0.568	0.563	0.524	0.587	0.622	0.579	0.571	0.549	0.549	0.315	0.209	0.215	0.312	0.320	0.315	0.305	0.336	0.307	0.307	0.311	0.293	0.215	0.222	0.170	0.420	0.408	0.302	0.608	0.303	0.557	0.308	0.301	0.383	0.253	0.164	0.333	0.515	0.550	0.535	0.547	0.563	0.533	0.547	0.529	0.541	0.080	0.393	0.080	0.342	0.352	0.350	0.346	0.440	0.341	0.325	0.334	0.316	0.079	0.193	0.080	0.412	0.196	0.384	0.356	0.486	0.343	0.442	0.413	0.641	0.080	0.537	0.080	0.447	0.481	0.479	0.481	0.488	0.495	0.484	0.502	0.510	0.079	0.079	0.079	0.085	0.188	0.235	0.192	0.252	0.431	0.228	0.386	0.298	0.080	0.079	0.079
46:20:00	29.9	0.571	0.562	0.515	0.578	0.577	0.582	0.563	0.549	0.549	0.267	0.201	0.272	0.307	0.451	0.315	0.317	0.350	0.309	0.307	0.312	0.293	0.215	0.234	0.168	0.294	0.330	0.312	0.386	0.304	0.557	0.308	0.300	0.283	0.255	0.163	0.335	0.514	0.541	0.535	0.547	0.534	0.527	0.525	0.529	0.541	0.080	0.553	0.080	0.342	0.351	0.349	0.346	0.440	0.341	0.325	0.334	0.315	0.079	0.194	0.080	0.411	0.194	0.674	0.316	0.353	0.314	0.484	0.419	0.596	0.080	0.564	0.080	0.445	0.480	0.480	0.482	0.489	0.498	0.485	0.501	0.508	0.079	0.079	0.079	0.085	0.186	0.239	0.195	0.254	0.433	0.229	0.384	0.297	0.080	0.079	0.079
46:40:00	30.0	0.570	0.565	0.514	0.578	0.579	0.583	0.563	0.550	0.549	0.276	0.200	0.270	0.308	0.414	0.316	0.306	0.318	0.311	0.307	0.311	0.292	0.251	0.234	0.166	0.294	0.341	0.517	0.595	0.306	0.559	0.308	0.299	0.333	0.255	0.163	0.342	0.513	0.555	0.530	0.536	0.529	0.562	0.536	0.526	0.537	0.080	0.411	0.080	0.342	0.350	0.349	0.346	0.440	0.340	0.324	0.334	0.315	0.079	0.197	0.080	0.409	0.191	0.259	0.284	0.343	0.399	0.465	0.418	0.592	0.080	0.499	0.080	0.446	0.482	0.481	0.481	0.490	0.500	0.486	0.502	0.511	0.079	0.079	0.079	0.086	0.187	0.242	0.198	0.274	0.439	0.229	0.385	0.301	0.080	0.079	0.079
47:00:00	30.0	0.573	0.566	0.519	0.581	0.691	0.584	0.568	0.551	0.552	0.322	0.199	0.247	0.308	0.323	0.316	0.305	0.314	0.307	0.307	0.312	0.292	0.208	0.236	0.193	0.384	0.311	0.360	0.360	0.315	0.560	0.309	0.301	0.324	0.258	0.162	0.337	0.510	0.540	0.535	0.551	0.533	0.527	0.506	0.525	0.539	0.080	0.367	0.080	0.343	0.351	0.350	0.346	0.436	0.340	0.325	0.335	0.315	0.079	0.203	0.080	0.407	0.191	0.557	0.388	0.310	0.321	0.466	0.418	0.630	0.081	0.516	0.080	0.445	0.486	0.481	0.485	0.493	0.499	0.489	0.507	0.517	0.079	0.079	0.079	0.086	0.189	0.246	0.201	0.261	0.441	0.230	0.385	0.303	0.080	0.079	0.079
47:20:00	29.9	0.566	0.562	0.520	0.574	0.669	0.581	0.570	0.552	0.551	0.310	0.211	0.259	0.308	0.413	0.317	0.312	0.480	0.307	0.306	0.312	0.292	0.210	0.234	0.166	0.354	0.449	0.298	0.563	0.304	0.559	0.314	0.300	0.318	0.261	0.164	0.337	0.507	0.544	0.532	0.534	0.532	0.520	0.506	0.522	0.536	0.080	0.319	0.080	0.343	0.352	0.348	0.346	0.434	0.340	0.325	0.336	0.315	0.079	0.191	0.080	0.406	0.194	0.444	0.331	0.355	0.354	0.467	0.407	0.653	0.081	0.611	0.080	0.448	0.488	0.484	0.485	0.493	0.500	0.491	0.511	0.522	0.079	0.079	0.079	0.103	0.193	0.249	0.204	0.274	0.444	0.229	0.385	0.306	0.080	0.079	0.079
47:40:00	30.0	0.569	0.563	0.521	0.576	0.678	0.582	0.569	0.552	0.552	0.321	0.207	0.261	0.306	0.432	0.323	0.308	0.310	0.308	0.307	0.312	0.291	0.201	0.239	0.292	0.310	0.355	0.296	0.423	0.402	0.560	0.311	0.300	0.321	0.256	0.165	0.338	0.506	0.535	0.522	0.535	0.523	0.519	0.528	0.517	0.534	0.079	0.327	0.080	0.345	0.351	0.349	0.345	0.432	0.339	0.324	0.334	0.315	0.079	0.200	0.080	0.404	0.187	0.417	0.294	0.311	0.319	0.496	0.460	0.644	0.081	0.585	0.079	0.445	0.489	0.481	0.487	0.494	0.501	0.491	0.513	0.523	0.079	0.078	0.079	0.086	0.208	0.262	0.206	0.266	0.448	0.229	0.383	0.308	0.080	0.079	0.079
48:00:00	30.0	0.592	0.562	0.520	0.572	0.644	0.583	0.569	0.553	0.551	0.329	0.210	0.254	0.321	0.323	0.318	0.305	0.366	0.311	0.307	0.312	0.293	0.201	0.238	0.392	0.294	0.310	0.387	0.411	0.312	0.574	0.308	0.300	0.319	0.263	0.163	0.341	0.504	0.537	0.521	0.551	0.521	0.517	0.509	0.514	0.526	0.080	0.318	0.080	0.351	0.350	0.348	0.345	0.430	0.338	0.325	0.335	0.315	0.079	0.213	0.080	0.404	0.189	0.665	0.335	0.275	0.358	0.487	0.472	0.654	0.081	0.457	0.080	0.446	0.490	0.481	0.488	0.497	0.502	0.494	0.516	0.527	0.079	0.079	0.079	0.086	0.201	0.254	0.209	0.268	0.454	0.230	0.387	0.310	0.080	0.079	0.079

